Location,Age,Sex,Measure,Metric,Pathogen,Antibiotic class,Counterfactual,Year,Value,Upper,Lower
Kyrgyzstan,10 to 14,Both sexes,Deaths,Number,Acinetobacter baumannii,Carbapenems,Attributable,1990,0.3328655165589851,0.4427772880241117,0.2229537450938584
Kyrgyzstan,10 to 14,Both sexes,Deaths,Number,Acinetobacter baumannii,Carbapenems,Attributable,1991,0.3073376365063595,0.4076220652064868,0.2070532078062321
Kyrgyzstan,10 to 14,Both sexes,Deaths,Number,Acinetobacter baumannii,Carbapenems,Attributable,1992,0.3479215545834507,0.44685420901122275,0.24898890015567862
Kyrgyzstan,10 to 14,Both sexes,Deaths,Number,Acinetobacter baumannii,Carbapenems,Attributable,1993,0.3343573979787352,0.4416327082772967,0.2270820876801736
Kyrgyzstan,10 to 14,Both sexes,Deaths,Number,Acinetobacter baumannii,Carbapenems,Attributable,1994,0.3803389281753639,0.4936025021067952,0.2670753542439327
Kyrgyzstan,10 to 14,Both sexes,Deaths,Number,Acinetobacter baumannii,Carbapenems,Attributable,1995,0.3906562227376285,0.5057777808452341,0.2755346646300231
Kyrgyzstan,10 to 14,Both sexes,Deaths,Number,Acinetobacter baumannii,Carbapenems,Attributable,1996,0.4004289418649256,0.5181531153113377,0.2827047684185135
Kyrgyzstan,10 to 14,Both sexes,Deaths,Number,Acinetobacter baumannii,Carbapenems,Attributable,1997,0.4142821730870926,0.5413106481009389,0.2872536980732464
Kyrgyzstan,10 to 14,Both sexes,Deaths,Number,Acinetobacter baumannii,Carbapenems,Attributable,1998,0.4215540269677553,0.5508878621264671,0.2922201918090434
Kyrgyzstan,10 to 14,Both sexes,Deaths,Number,Acinetobacter baumannii,Carbapenems,Attributable,1999,0.4001560664943278,0.5219317754244479,0.2783803575642077
Kyrgyzstan,10 to 14,Both sexes,Deaths,Number,Acinetobacter baumannii,Carbapenems,Attributable,2000,0.39156550006039376,0.5162497012831102,0.26688129883767736
Kyrgyzstan,10 to 14,Both sexes,Deaths,Number,Acinetobacter baumannii,Carbapenems,Attributable,2001,0.3647903477742814,0.48182159439699856,0.2477591011515642
Kyrgyzstan,10 to 14,Both sexes,Deaths,Number,Acinetobacter baumannii,Carbapenems,Attributable,2002,0.3525292878694556,0.45700919933476714,0.24804937640414404
Kyrgyzstan,10 to 14,Both sexes,Deaths,Number,Acinetobacter baumannii,Carbapenems,Attributable,2003,0.3108408069297275,0.4043171565895262,0.21736445726992876
Kyrgyzstan,10 to 14,Both sexes,Deaths,Number,Acinetobacter baumannii,Carbapenems,Attributable,2004,0.26597441558116225,0.3496196486620545,0.18232918250026997
Kyrgyzstan,10 to 14,Both sexes,Deaths,Number,Acinetobacter baumannii,Carbapenems,Attributable,2005,0.25419306477909037,0.327618580643513,0.18076754891466773
Kyrgyzstan,10 to 14,Both sexes,Deaths,Number,Acinetobacter baumannii,Carbapenems,Attributable,2006,0.2526853382957601,0.3288109235244655,0.17655975306705474
Kyrgyzstan,10 to 14,Both sexes,Deaths,Number,Acinetobacter baumannii,Carbapenems,Attributable,2007,0.24877882129871806,0.31753154307148646,0.18002609952594967
Kyrgyzstan,10 to 14,Both sexes,Deaths,Number,Acinetobacter baumannii,Carbapenems,Attributable,2008,0.23584712934340699,0.30751506102658444,0.16417919766022954
Kyrgyzstan,10 to 14,Both sexes,Deaths,Number,Acinetobacter baumannii,Carbapenems,Attributable,2009,0.22710942370636636,0.2989058673665756,0.15531298004615712
Kyrgyzstan,10 to 14,Both sexes,Deaths,Number,Acinetobacter baumannii,Carbapenems,Attributable,2010,0.25327414516908364,0.3253107232542638,0.1812375670839035
Kyrgyzstan,10 to 14,Both sexes,Deaths,Number,Acinetobacter baumannii,Carbapenems,Attributable,2011,0.22225369947853707,0.2822650626282067,0.16224233632886745
Kyrgyzstan,10 to 14,Both sexes,Deaths,Number,Acinetobacter baumannii,Carbapenems,Attributable,2012,0.22432267617155477,0.28728939093507005,0.16135596140803948
Kyrgyzstan,10 to 14,Both sexes,Deaths,Number,Acinetobacter baumannii,Carbapenems,Attributable,2013,0.2333299811090601,0.29836656407258516,0.168293398145535
Kyrgyzstan,10 to 14,Both sexes,Deaths,Number,Acinetobacter baumannii,Carbapenems,Attributable,2014,0.2587886879431442,0.32140932638426595,0.19616804950202243
Kyrgyzstan,10 to 14,Both sexes,Deaths,Number,Acinetobacter baumannii,Carbapenems,Attributable,2015,0.28597307102684477,0.3502868323074566,0.2216593097462329
Kyrgyzstan,10 to 14,Both sexes,Deaths,Number,Acinetobacter baumannii,Carbapenems,Attributable,2016,0.25690909738724477,0.3177265301149642,0.19609166465952532
Kyrgyzstan,10 to 14,Both sexes,Deaths,Number,Acinetobacter baumannii,Carbapenems,Attributable,2017,0.23813805417183292,0.2930938804871294,0.18318222785653643
Kyrgyzstan,10 to 14,Both sexes,Deaths,Number,Acinetobacter baumannii,Carbapenems,Attributable,2018,0.19802929440227202,0.250018788505142,0.14603980029940206
Kyrgyzstan,10 to 14,Both sexes,Deaths,Number,Acinetobacter baumannii,Carbapenems,Attributable,2019,0.19701429597544065,0.24803796630810043,0.14599062564278087
Kyrgyzstan,10 to 14,Both sexes,Deaths,Number,Acinetobacter baumannii,Carbapenems,Attributable,2020,0.18448233994772423,0.23117360431249573,0.13779107558295273
Kyrgyzstan,10 to 14,Both sexes,Deaths,Number,Acinetobacter baumannii,Carbapenems,Attributable,2021,0.1743956811566591,0.21871394240069497,0.13007741991262323
Kyrgyzstan,10 to 14,Both sexes,Deaths,Number,Enterobacter spp.,Carbapenems,Attributable,1990,0.0581615605841527,0.1135710517218241,0.0027520694464814
Kyrgyzstan,10 to 14,Both sexes,Deaths,Number,Enterobacter spp.,Carbapenems,Attributable,1991,0.0570282978537783,0.1092957290635575,0.0047608666439992
Kyrgyzstan,10 to 14,Both sexes,Deaths,Number,Enterobacter spp.,Carbapenems,Attributable,1992,0.058531925531223716,0.11056607791580023,0.0064977731466472
Kyrgyzstan,10 to 14,Both sexes,Deaths,Number,Enterobacter spp.,Carbapenems,Attributable,1993,0.0582857219030805,0.1124139675088028,0.004157476297358
Kyrgyzstan,10 to 14,Both sexes,Deaths,Number,Enterobacter spp.,Carbapenems,Attributable,1994,0.0602554234706918,0.114812342916711,0.0056985040246725
Kyrgyzstan,10 to 14,Both sexes,Deaths,Number,Enterobacter spp.,Carbapenems,Attributable,1995,0.065424383996017,0.1206495801726049,0.0101991878194292
Kyrgyzstan,10 to 14,Both sexes,Deaths,Number,Enterobacter spp.,Carbapenems,Attributable,1996,0.065865534731888,0.1231267839995549,0.008604285464221
Kyrgyzstan,10 to 14,Both sexes,Deaths,Number,Enterobacter spp.,Carbapenems,Attributable,1997,0.0698718748082523,0.1320457897748315,0.007697959841673
Kyrgyzstan,10 to 14,Both sexes,Deaths,Number,Enterobacter spp.,Carbapenems,Attributable,1998,0.0729074179465585,0.1367758649819951,0.0090389709111219
Kyrgyzstan,10 to 14,Both sexes,Deaths,Number,Enterobacter spp.,Carbapenems,Attributable,1999,0.07467539698880854,0.13556340146467258,0.013787392512944502
Kyrgyzstan,10 to 14,Both sexes,Deaths,Number,Enterobacter spp.,Carbapenems,Attributable,2000,0.07058764087575092,0.13227672513644362,0.008898556615058215
Kyrgyzstan,10 to 14,Both sexes,Deaths,Number,Enterobacter spp.,Carbapenems,Attributable,2001,0.06625623437276977,0.12406359006025358,0.00844887868528596
Kyrgyzstan,10 to 14,Both sexes,Deaths,Number,Enterobacter spp.,Carbapenems,Attributable,2002,0.06769856769508019,0.12437123633226252,0.011025899057897859
Kyrgyzstan,10 to 14,Both sexes,Deaths,Number,Enterobacter spp.,Carbapenems,Attributable,2003,0.05835595048871335,0.10746113221457375,0.009250768762852954
Kyrgyzstan,10 to 14,Both sexes,Deaths,Number,Enterobacter spp.,Carbapenems,Attributable,2004,0.05250295344951282,0.0971025944061169,0.007903312492908744
Kyrgyzstan,10 to 14,Both sexes,Deaths,Number,Enterobacter spp.,Carbapenems,Attributable,2005,0.04752471479965445,0.0871942196239397,0.007855209975369197
Kyrgyzstan,10 to 14,Both sexes,Deaths,Number,Enterobacter spp.,Carbapenems,Attributable,2006,0.049810241812945695,0.09086846309672011,0.008752020529171269
Kyrgyzstan,10 to 14,Both sexes,Deaths,Number,Enterobacter spp.,Carbapenems,Attributable,2007,0.046916800635739817,0.08280621230524844,0.011027388966231191
Kyrgyzstan,10 to 14,Both sexes,Deaths,Number,Enterobacter spp.,Carbapenems,Attributable,2008,0.043976759753254505,0.0781353652541022,0.009818154252406813
Kyrgyzstan,10 to 14,Both sexes,Deaths,Number,Enterobacter spp.,Carbapenems,Attributable,2009,0.04349479136647961,0.07665107923295622,0.01033850350000299
Kyrgyzstan,10 to 14,Both sexes,Deaths,Number,Enterobacter spp.,Carbapenems,Attributable,2010,0.046184301639233885,0.08150974671687786,0.01085885656158992
Kyrgyzstan,10 to 14,Both sexes,Deaths,Number,Enterobacter spp.,Carbapenems,Attributable,2011,0.03983461253221195,0.06894256226141837,0.010726662803005528
Kyrgyzstan,10 to 14,Both sexes,Deaths,Number,Enterobacter spp.,Carbapenems,Attributable,2012,0.042644048577996925,0.07363003216279233,0.011658064993201517
Kyrgyzstan,10 to 14,Both sexes,Deaths,Number,Enterobacter spp.,Carbapenems,Attributable,2013,0.04624813480219447,0.07858842163090751,0.013907847973481414
Kyrgyzstan,10 to 14,Both sexes,Deaths,Number,Enterobacter spp.,Carbapenems,Attributable,2014,0.04665867626865536,0.08096595405113255,0.012351398486178167
Kyrgyzstan,10 to 14,Both sexes,Deaths,Number,Enterobacter spp.,Carbapenems,Attributable,2015,0.050910744915368886,0.0868927712153521,0.014928718615385674
Kyrgyzstan,10 to 14,Both sexes,Deaths,Number,Enterobacter spp.,Carbapenems,Attributable,2016,0.04796354780400165,0.08063714213149356,0.01528995347650975
Kyrgyzstan,10 to 14,Both sexes,Deaths,Number,Enterobacter spp.,Carbapenems,Attributable,2017,0.04793172695970627,0.08197109535054403,0.013892358568868501
Kyrgyzstan,10 to 14,Both sexes,Deaths,Number,Enterobacter spp.,Carbapenems,Attributable,2018,0.04451131197347338,0.07661923899809739,0.012403384948849377
Kyrgyzstan,10 to 14,Both sexes,Deaths,Number,Enterobacter spp.,Carbapenems,Attributable,2019,0.04341625689284561,0.07650348749265554,0.010329026293035691
Kyrgyzstan,10 to 14,Both sexes,Deaths,Number,Enterobacter spp.,Carbapenems,Attributable,2020,0.043569672263074115,0.07310084754223328,0.01403849698391495
Kyrgyzstan,10 to 14,Both sexes,Deaths,Number,Enterobacter spp.,Carbapenems,Attributable,2021,0.04142774743527618,0.0703118417066143,0.012543653163938056
Kyrgyzstan,10 to 14,Both sexes,Deaths,Number,Escherichia coli,Carbapenems,Attributable,1990,0.0609986251964926,0.1283589953469838,0
Kyrgyzstan,10 to 14,Both sexes,Deaths,Number,Escherichia coli,Carbapenems,Attributable,1991,0.0480555315296302,0.0992283590807548,0
Kyrgyzstan,10 to 14,Both sexes,Deaths,Number,Escherichia coli,Carbapenems,Attributable,1992,0.048857043449463976,0.09853233991242433,0
Kyrgyzstan,10 to 14,Both sexes,Deaths,Number,Escherichia coli,Carbapenems,Attributable,1993,0.0511938514462011,0.1032893599439689,0
Kyrgyzstan,10 to 14,Both sexes,Deaths,Number,Escherichia coli,Carbapenems,Attributable,1994,0.0531925391261349,0.1053628823760332,0.0010221958762366
Kyrgyzstan,10 to 14,Both sexes,Deaths,Number,Escherichia coli,Carbapenems,Attributable,1995,0.0550432487964345,0.1077921301470191,0.00229436744585
Kyrgyzstan,10 to 14,Both sexes,Deaths,Number,Escherichia coli,Carbapenems,Attributable,1996,0.0572784407399004,0.1122380169470958,0.0023188645327049
Kyrgyzstan,10 to 14,Both sexes,Deaths,Number,Escherichia coli,Carbapenems,Attributable,1997,0.0711325110240593,0.139402149935745,0.0028628721123736
Kyrgyzstan,10 to 14,Both sexes,Deaths,Number,Escherichia coli,Carbapenems,Attributable,1998,0.0730438768203207,0.1429989517096358,0.0030888019310055
Kyrgyzstan,10 to 14,Both sexes,Deaths,Number,Escherichia coli,Carbapenems,Attributable,1999,0.07113958868861223,0.13742357108009987,0.004855606297124587
Kyrgyzstan,10 to 14,Both sexes,Deaths,Number,Escherichia coli,Carbapenems,Attributable,2000,0.056225385248745416,0.10883817712068299,0.003612593376807846
Kyrgyzstan,10 to 14,Both sexes,Deaths,Number,Escherichia coli,Carbapenems,Attributable,2001,0.05356471971464496,0.10290501934372889,0.004224420085561016
Kyrgyzstan,10 to 14,Both sexes,Deaths,Number,Escherichia coli,Carbapenems,Attributable,2002,0.05221201268437302,0.09873488402423813,0.005689141344507903
Kyrgyzstan,10 to 14,Both sexes,Deaths,Number,Escherichia coli,Carbapenems,Attributable,2003,0.044917921494789285,0.08497061314400894,0.004865229845569634
Kyrgyzstan,10 to 14,Both sexes,Deaths,Number,Escherichia coli,Carbapenems,Attributable,2004,0.04722561829385786,0.0898392478769138,0.004611988710801922
Kyrgyzstan,10 to 14,Both sexes,Deaths,Number,Escherichia coli,Carbapenems,Attributable,2005,0.03857989240311853,0.07309645084024594,0.004063333965991116
Kyrgyzstan,10 to 14,Both sexes,Deaths,Number,Escherichia coli,Carbapenems,Attributable,2006,0.03813714007202131,0.07207594795365316,0.00419833219038946
Kyrgyzstan,10 to 14,Both sexes,Deaths,Number,Escherichia coli,Carbapenems,Attributable,2007,0.03635123120594051,0.06864681610788201,0.0040556463039990165
Kyrgyzstan,10 to 14,Both sexes,Deaths,Number,Escherichia coli,Carbapenems,Attributable,2008,0.04206202247971429,0.08065143073374308,0.003472614225685497
Kyrgyzstan,10 to 14,Both sexes,Deaths,Number,Escherichia coli,Carbapenems,Attributable,2009,0.03512689671853955,0.0674880996015014,0.002765693835577704
Kyrgyzstan,10 to 14,Both sexes,Deaths,Number,Escherichia coli,Carbapenems,Attributable,2010,0.03368947697206856,0.06537209823818843,0.0020068557059486833
Kyrgyzstan,10 to 14,Both sexes,Deaths,Number,Escherichia coli,Carbapenems,Attributable,2011,0.0323354986049486,0.06323186185196686,0.0014391353579303497
Kyrgyzstan,10 to 14,Both sexes,Deaths,Number,Escherichia coli,Carbapenems,Attributable,2012,0.037607324038653855,0.07423156765547506,0.0009830804218326425
Kyrgyzstan,10 to 14,Both sexes,Deaths,Number,Escherichia coli,Carbapenems,Attributable,2013,0.04694459929750359,0.0930410374072893,0.0008481611877178621
Kyrgyzstan,10 to 14,Both sexes,Deaths,Number,Escherichia coli,Carbapenems,Attributable,2014,0.040371604683288,0.07974638808645429,0.0009968212801217124
Kyrgyzstan,10 to 14,Both sexes,Deaths,Number,Escherichia coli,Carbapenems,Attributable,2015,0.04282650923952369,0.08525651873547492,0.0003964997435724621
Kyrgyzstan,10 to 14,Both sexes,Deaths,Number,Escherichia coli,Carbapenems,Attributable,2016,0.04644889900718921,0.09386276404407405,0
Kyrgyzstan,10 to 14,Both sexes,Deaths,Number,Escherichia coli,Carbapenems,Attributable,2017,0.04192979846476709,0.08536062586687257,0
Kyrgyzstan,10 to 14,Both sexes,Deaths,Number,Escherichia coli,Carbapenems,Attributable,2018,0.03338238171521321,0.06788056574983616,0
Kyrgyzstan,10 to 14,Both sexes,Deaths,Number,Escherichia coli,Carbapenems,Attributable,2019,0.03167629544093703,0.06398514776837849,0
Kyrgyzstan,10 to 14,Both sexes,Deaths,Number,Escherichia coli,Carbapenems,Attributable,2020,0.03170726555617563,0.06418009153955223,0
Kyrgyzstan,10 to 14,Both sexes,Deaths,Number,Escherichia coli,Carbapenems,Attributable,2021,0.029399472979722854,0.059746666491410534,0
Kyrgyzstan,10 to 14,Both sexes,Deaths,Number,Klebsiella pneumoniae,Carbapenems,Attributable,1990,0.0933047190628427,0.1209409681110774,0.0656684700146079
Kyrgyzstan,10 to 14,Both sexes,Deaths,Number,Klebsiella pneumoniae,Carbapenems,Attributable,1991,0.0701754377703098,0.0907503831183523,0.0496004924222673
Kyrgyzstan,10 to 14,Both sexes,Deaths,Number,Klebsiella pneumoniae,Carbapenems,Attributable,1992,0.11407849820669774,0.14574115057978831,0.08241584583360717
Kyrgyzstan,10 to 14,Both sexes,Deaths,Number,Klebsiella pneumoniae,Carbapenems,Attributable,1993,0.1149437161936587,0.1477350153381826,0.0821524170491347
Kyrgyzstan,10 to 14,Both sexes,Deaths,Number,Klebsiella pneumoniae,Carbapenems,Attributable,1994,0.1371045554649341,0.1751186368936735,0.0990904740361947
Kyrgyzstan,10 to 14,Both sexes,Deaths,Number,Klebsiella pneumoniae,Carbapenems,Attributable,1995,0.1393797693893126,0.1782316459753046,0.1005278928033205
Kyrgyzstan,10 to 14,Both sexes,Deaths,Number,Klebsiella pneumoniae,Carbapenems,Attributable,1996,0.1085274216288009,0.1390215408189929,0.0780333024386089
Kyrgyzstan,10 to 14,Both sexes,Deaths,Number,Klebsiella pneumoniae,Carbapenems,Attributable,1997,0.137370451277574,0.1773433308670398,0.0973975716881082
Kyrgyzstan,10 to 14,Both sexes,Deaths,Number,Klebsiella pneumoniae,Carbapenems,Attributable,1998,0.1129842726224058,0.1461722691656274,0.0797962760791842
Kyrgyzstan,10 to 14,Both sexes,Deaths,Number,Klebsiella pneumoniae,Carbapenems,Attributable,1999,0.10326491333137452,0.13391975930160926,0.07261006736113979
Kyrgyzstan,10 to 14,Both sexes,Deaths,Number,Klebsiella pneumoniae,Carbapenems,Attributable,2000,0.11310527179397416,0.14689517380759037,0.07931536978035794
Kyrgyzstan,10 to 14,Both sexes,Deaths,Number,Klebsiella pneumoniae,Carbapenems,Attributable,2001,0.06282091575306073,0.08164252266599027,0.04399930884013119
Kyrgyzstan,10 to 14,Both sexes,Deaths,Number,Klebsiella pneumoniae,Carbapenems,Attributable,2002,0.07846030573302654,0.10118332339579561,0.05573728807025747
Kyrgyzstan,10 to 14,Both sexes,Deaths,Number,Klebsiella pneumoniae,Carbapenems,Attributable,2003,0.07176599976498924,0.09215382607805654,0.05137817345192193
Kyrgyzstan,10 to 14,Both sexes,Deaths,Number,Klebsiella pneumoniae,Carbapenems,Attributable,2004,0.06885553104788375,0.0888892859259505,0.048821776169817005
Kyrgyzstan,10 to 14,Both sexes,Deaths,Number,Klebsiella pneumoniae,Carbapenems,Attributable,2005,0.09673753261677367,0.12421810621289395,0.0692569590206534
Kyrgyzstan,10 to 14,Both sexes,Deaths,Number,Klebsiella pneumoniae,Carbapenems,Attributable,2006,0.08937436175641585,0.11405715412893522,0.06469156938389647
Kyrgyzstan,10 to 14,Both sexes,Deaths,Number,Klebsiella pneumoniae,Carbapenems,Attributable,2007,0.12366428444950966,0.15538901161817997,0.09193955728083937
Kyrgyzstan,10 to 14,Both sexes,Deaths,Number,Klebsiella pneumoniae,Carbapenems,Attributable,2008,0.12613142492168916,0.1607619139099011,0.09150093593347722
Kyrgyzstan,10 to 14,Both sexes,Deaths,Number,Klebsiella pneumoniae,Carbapenems,Attributable,2009,0.12370017242772244,0.15921684286303933,0.08818350199240554
Kyrgyzstan,10 to 14,Both sexes,Deaths,Number,Klebsiella pneumoniae,Carbapenems,Attributable,2010,0.13385499123144412,0.1720872917314925,0.09562269073139573
Kyrgyzstan,10 to 14,Both sexes,Deaths,Number,Klebsiella pneumoniae,Carbapenems,Attributable,2011,0.1243753742461351,0.15953789132609764,0.08921285716617255
Kyrgyzstan,10 to 14,Both sexes,Deaths,Number,Klebsiella pneumoniae,Carbapenems,Attributable,2012,0.11924238651173064,0.15404266161451874,0.08444211140894253
Kyrgyzstan,10 to 14,Both sexes,Deaths,Number,Klebsiella pneumoniae,Carbapenems,Attributable,2013,0.11705593182699686,0.15167753673277462,0.0824343269212191
Kyrgyzstan,10 to 14,Both sexes,Deaths,Number,Klebsiella pneumoniae,Carbapenems,Attributable,2014,0.14366532259759707,0.18385960119749728,0.10347104399769685
Kyrgyzstan,10 to 14,Both sexes,Deaths,Number,Klebsiella pneumoniae,Carbapenems,Attributable,2015,0.14077216483046462,0.17958081924727337,0.10196351041365585
Kyrgyzstan,10 to 14,Both sexes,Deaths,Number,Klebsiella pneumoniae,Carbapenems,Attributable,2016,0.1385951828614173,0.17747666507509846,0.09971370064773616
Kyrgyzstan,10 to 14,Both sexes,Deaths,Number,Klebsiella pneumoniae,Carbapenems,Attributable,2017,0.1418445120208285,0.18132230493170506,0.10236671910995196
Kyrgyzstan,10 to 14,Both sexes,Deaths,Number,Klebsiella pneumoniae,Carbapenems,Attributable,2018,0.16302638680617765,0.20708562582252227,0.11896714778983303
Kyrgyzstan,10 to 14,Both sexes,Deaths,Number,Klebsiella pneumoniae,Carbapenems,Attributable,2019,0.16754788611155208,0.21344636531801545,0.12164940690508871
Kyrgyzstan,10 to 14,Both sexes,Deaths,Number,Klebsiella pneumoniae,Carbapenems,Attributable,2020,0.16248178170384692,0.20620396111324826,0.11875960229444557
Kyrgyzstan,10 to 14,Both sexes,Deaths,Number,Klebsiella pneumoniae,Carbapenems,Attributable,2021,0.15248381344170395,0.19413377496693002,0.11083385191647786
Kyrgyzstan,10 to 14,Both sexes,Deaths,Number,Pseudomonas aeruginosa,Carbapenems,Attributable,1990,0.1945724133839506,0.2845166452190114,0.1046281815488899
Kyrgyzstan,10 to 14,Both sexes,Deaths,Number,Pseudomonas aeruginosa,Carbapenems,Attributable,1991,0.1825855751722437,0.2649605215019999,0.1002106288424874
Kyrgyzstan,10 to 14,Both sexes,Deaths,Number,Pseudomonas aeruginosa,Carbapenems,Attributable,1992,0.1843121233093618,0.2653454798263058,0.10327876679241782
Kyrgyzstan,10 to 14,Both sexes,Deaths,Number,Pseudomonas aeruginosa,Carbapenems,Attributable,1993,0.1914618399927469,0.2799679535635374,0.1029557264219564
Kyrgyzstan,10 to 14,Both sexes,Deaths,Number,Pseudomonas aeruginosa,Carbapenems,Attributable,1994,0.2063642937307913,0.2965817875569798,0.1161467999046028
Kyrgyzstan,10 to 14,Both sexes,Deaths,Number,Pseudomonas aeruginosa,Carbapenems,Attributable,1995,0.2104192272661834,0.3008015842286518,0.120036870303715
Kyrgyzstan,10 to 14,Both sexes,Deaths,Number,Pseudomonas aeruginosa,Carbapenems,Attributable,1996,0.2060286495872192,0.2976065426337103,0.1144507565407281
Kyrgyzstan,10 to 14,Both sexes,Deaths,Number,Pseudomonas aeruginosa,Carbapenems,Attributable,1997,0.2035916732186917,0.2990562185210537,0.1081271279163298
Kyrgyzstan,10 to 14,Both sexes,Deaths,Number,Pseudomonas aeruginosa,Carbapenems,Attributable,1998,0.2111900149413667,0.3092285557848467,0.1131514740978867
Kyrgyzstan,10 to 14,Both sexes,Deaths,Number,Pseudomonas aeruginosa,Carbapenems,Attributable,1999,0.2043275212000089,0.29818005062685426,0.11047499177316358
Kyrgyzstan,10 to 14,Both sexes,Deaths,Number,Pseudomonas aeruginosa,Carbapenems,Attributable,2000,0.19670112433736708,0.28975509239934055,0.10364715627539361
Kyrgyzstan,10 to 14,Both sexes,Deaths,Number,Pseudomonas aeruginosa,Carbapenems,Attributable,2001,0.18331990501585244,0.2707250673572363,0.09591474267446858
Kyrgyzstan,10 to 14,Both sexes,Deaths,Number,Pseudomonas aeruginosa,Carbapenems,Attributable,2002,0.1821478690932541,0.2619361272509883,0.10235961093551987
Kyrgyzstan,10 to 14,Both sexes,Deaths,Number,Pseudomonas aeruginosa,Carbapenems,Attributable,2003,0.17589386834275303,0.2520515814653793,0.09973615522012677
Kyrgyzstan,10 to 14,Both sexes,Deaths,Number,Pseudomonas aeruginosa,Carbapenems,Attributable,2004,0.15129222867313782,0.2182256000359418,0.08435885731033385
Kyrgyzstan,10 to 14,Both sexes,Deaths,Number,Pseudomonas aeruginosa,Carbapenems,Attributable,2005,0.15192972335804228,0.21593813856982885,0.0879213081462557
Kyrgyzstan,10 to 14,Both sexes,Deaths,Number,Pseudomonas aeruginosa,Carbapenems,Attributable,2006,0.1457857880082614,0.20942608371784904,0.08214549229867374
Kyrgyzstan,10 to 14,Both sexes,Deaths,Number,Pseudomonas aeruginosa,Carbapenems,Attributable,2007,0.14139276814773366,0.19972767771052777,0.08305785858493955
Kyrgyzstan,10 to 14,Both sexes,Deaths,Number,Pseudomonas aeruginosa,Carbapenems,Attributable,2008,0.13903141805478297,0.2020471381258479,0.07601569798371806
Kyrgyzstan,10 to 14,Both sexes,Deaths,Number,Pseudomonas aeruginosa,Carbapenems,Attributable,2009,0.1432013388567483,0.20961629565587322,0.07678638205762336
Kyrgyzstan,10 to 14,Both sexes,Deaths,Number,Pseudomonas aeruginosa,Carbapenems,Attributable,2010,0.13353065855429314,0.19571288604631687,0.07134843106226942
Kyrgyzstan,10 to 14,Both sexes,Deaths,Number,Pseudomonas aeruginosa,Carbapenems,Attributable,2011,0.11825740409103856,0.17399894523865103,0.06251586294342609
Kyrgyzstan,10 to 14,Both sexes,Deaths,Number,Pseudomonas aeruginosa,Carbapenems,Attributable,2012,0.11720144620298426,0.1747354269501643,0.05966746545580419
Kyrgyzstan,10 to 14,Both sexes,Deaths,Number,Pseudomonas aeruginosa,Carbapenems,Attributable,2013,0.12414979637631346,0.1841514931579212,0.06414809959470572
Kyrgyzstan,10 to 14,Both sexes,Deaths,Number,Pseudomonas aeruginosa,Carbapenems,Attributable,2014,0.13766244179483855,0.2008593105559564,0.07446557303372071
Kyrgyzstan,10 to 14,Both sexes,Deaths,Number,Pseudomonas aeruginosa,Carbapenems,Attributable,2015,0.13696687988144773,0.19916464726043423,0.07476911250246124
Kyrgyzstan,10 to 14,Both sexes,Deaths,Number,Pseudomonas aeruginosa,Carbapenems,Attributable,2016,0.14028637366173768,0.20411305164664023,0.07645969567683515
Kyrgyzstan,10 to 14,Both sexes,Deaths,Number,Pseudomonas aeruginosa,Carbapenems,Attributable,2017,0.14901226687183422,0.21480110103230904,0.08322343271135942
Kyrgyzstan,10 to 14,Both sexes,Deaths,Number,Pseudomonas aeruginosa,Carbapenems,Attributable,2018,0.14496757516668862,0.21003543468619246,0.07989971564718479
Kyrgyzstan,10 to 14,Both sexes,Deaths,Number,Pseudomonas aeruginosa,Carbapenems,Attributable,2019,0.15182797995401276,0.22035334311519061,0.08330261679283492
Kyrgyzstan,10 to 14,Both sexes,Deaths,Number,Pseudomonas aeruginosa,Carbapenems,Attributable,2020,0.14619877441661605,0.21064163819247472,0.08175591064075739
Kyrgyzstan,10 to 14,Both sexes,Deaths,Number,Pseudomonas aeruginosa,Carbapenems,Attributable,2021,0.147725672574131,0.21312961186288348,0.0823217332853785
Kyrgyzstan,10 to 14,Both sexes,Deaths,Number,Non-typhoidal Salmonella,Fluoroquinolones,Attributable,1990,0.0003516112229312,0.0012213065626316,0
Kyrgyzstan,10 to 14,Both sexes,Deaths,Number,Non-typhoidal Salmonella,Fluoroquinolones,Attributable,1991,0.0003355480449684,0.0011728596037682,0
Kyrgyzstan,10 to 14,Both sexes,Deaths,Number,Non-typhoidal Salmonella,Fluoroquinolones,Attributable,1992,0.000368855084852333,0.0012802714544318536,0
Kyrgyzstan,10 to 14,Both sexes,Deaths,Number,Non-typhoidal Salmonella,Fluoroquinolones,Attributable,1993,0.0003757794578424,0.0013021497352864,0
Kyrgyzstan,10 to 14,Both sexes,Deaths,Number,Non-typhoidal Salmonella,Fluoroquinolones,Attributable,1994,0.0004112584413894,0.001422082335659,0
Kyrgyzstan,10 to 14,Both sexes,Deaths,Number,Non-typhoidal Salmonella,Fluoroquinolones,Attributable,1995,0.0003971885858843,0.0013668777781486,0
Kyrgyzstan,10 to 14,Both sexes,Deaths,Number,Non-typhoidal Salmonella,Fluoroquinolones,Attributable,1996,0.0003853341010287,0.0013302759977979,0
Kyrgyzstan,10 to 14,Both sexes,Deaths,Number,Non-typhoidal Salmonella,Fluoroquinolones,Attributable,1997,0.0003875585259279,0.0013261078233483,0
Kyrgyzstan,10 to 14,Both sexes,Deaths,Number,Non-typhoidal Salmonella,Fluoroquinolones,Attributable,1998,0.0003583419233446,0.0012259884835632,0
Kyrgyzstan,10 to 14,Both sexes,Deaths,Number,Non-typhoidal Salmonella,Fluoroquinolones,Attributable,1999,0.0003283339681261208,0.0011137567488347518,0
Kyrgyzstan,10 to 14,Both sexes,Deaths,Number,Non-typhoidal Salmonella,Fluoroquinolones,Attributable,2000,0.0002663662103535289,0.000900889271202658,0
Kyrgyzstan,10 to 14,Both sexes,Deaths,Number,Non-typhoidal Salmonella,Fluoroquinolones,Attributable,2001,0.00023442257070253132,0.0007949812211705133,0
Kyrgyzstan,10 to 14,Both sexes,Deaths,Number,Non-typhoidal Salmonella,Fluoroquinolones,Attributable,2002,0.00021430465581875625,0.0007206908806468492,0
Kyrgyzstan,10 to 14,Both sexes,Deaths,Number,Non-typhoidal Salmonella,Fluoroquinolones,Attributable,2003,0.00017519362535885148,0.0005827860441191721,0
Kyrgyzstan,10 to 14,Both sexes,Deaths,Number,Non-typhoidal Salmonella,Fluoroquinolones,Attributable,2004,0.00013050465583751023,0.00043274934543878496,0
Kyrgyzstan,10 to 14,Both sexes,Deaths,Number,Non-typhoidal Salmonella,Fluoroquinolones,Attributable,2005,0.00011858809825603754,0.0003933932906424472,0
Kyrgyzstan,10 to 14,Both sexes,Deaths,Number,Non-typhoidal Salmonella,Fluoroquinolones,Attributable,2006,0.0001255361545119618,0.00041072694481928583,0
Kyrgyzstan,10 to 14,Both sexes,Deaths,Number,Non-typhoidal Salmonella,Fluoroquinolones,Attributable,2007,0.0001227773460329282,0.00038340832019456976,0
Kyrgyzstan,10 to 14,Both sexes,Deaths,Number,Non-typhoidal Salmonella,Fluoroquinolones,Attributable,2008,0.00012054759745126276,0.00037899865787060653,0
Kyrgyzstan,10 to 14,Both sexes,Deaths,Number,Non-typhoidal Salmonella,Fluoroquinolones,Attributable,2009,0.00006618264886482393,0.00021445208425790397,0
Kyrgyzstan,10 to 14,Both sexes,Deaths,Number,Non-typhoidal Salmonella,Fluoroquinolones,Attributable,2010,0.000049919386694426196,0.00016575710667064095,0
Kyrgyzstan,10 to 14,Both sexes,Deaths,Number,Non-typhoidal Salmonella,Fluoroquinolones,Attributable,2011,0.000043306680525071565,0.0001435787263746772,0
Kyrgyzstan,10 to 14,Both sexes,Deaths,Number,Non-typhoidal Salmonella,Fluoroquinolones,Attributable,2012,0.00003805138295446548,0.00012816210300932657,0
Kyrgyzstan,10 to 14,Both sexes,Deaths,Number,Non-typhoidal Salmonella,Fluoroquinolones,Attributable,2013,0.00003587945948193702,0.00011805210498276806,0
Kyrgyzstan,10 to 14,Both sexes,Deaths,Number,Non-typhoidal Salmonella,Fluoroquinolones,Attributable,2014,0.00003853432355739067,0.0001267587215142144,0
Kyrgyzstan,10 to 14,Both sexes,Deaths,Number,Non-typhoidal Salmonella,Fluoroquinolones,Attributable,2015,0.00004771392185346739,0.00015641286667443153,0
Kyrgyzstan,10 to 14,Both sexes,Deaths,Number,Non-typhoidal Salmonella,Fluoroquinolones,Attributable,2016,0.00005390186910905409,0.00017670715434390806,0
Kyrgyzstan,10 to 14,Both sexes,Deaths,Number,Non-typhoidal Salmonella,Fluoroquinolones,Attributable,2017,0.000042811685202659376,0.0001376949862393042,0
Kyrgyzstan,10 to 14,Both sexes,Deaths,Number,Non-typhoidal Salmonella,Fluoroquinolones,Attributable,2018,0.00004219233696901204,0.00012862862097334088,0
Kyrgyzstan,10 to 14,Both sexes,Deaths,Number,Non-typhoidal Salmonella,Fluoroquinolones,Attributable,2019,0.000056243857946480485,0.00017022584530990777,0
Kyrgyzstan,10 to 14,Both sexes,Deaths,Number,Non-typhoidal Salmonella,Fluoroquinolones,Attributable,2020,0.000057254688996995854,0.0001717015937379222,0
Kyrgyzstan,10 to 14,Both sexes,Deaths,Number,Non-typhoidal Salmonella,Fluoroquinolones,Attributable,2021,0.00005684096298376343,0.00017242767878613316,0
Kyrgyzstan,10 to 14,Both sexes,Deaths,Number,Salmonella enterica serovar Typhi,Fluoroquinolones,Attributable,1990,0.000001403371543950081,0.000002435862059276963,3.708810286231987e-7
Kyrgyzstan,10 to 14,Both sexes,Deaths,Number,Salmonella enterica serovar Typhi,Fluoroquinolones,Attributable,1991,0.0000015310065685907216,0.000002675831055100239,3.86182082081204e-7
Kyrgyzstan,10 to 14,Both sexes,Deaths,Number,Salmonella enterica serovar Typhi,Fluoroquinolones,Attributable,1992,0.0000014398931725059474,0.0000025355435700916854,3.4424277492020936e-7
Kyrgyzstan,10 to 14,Both sexes,Deaths,Number,Salmonella enterica serovar Typhi,Fluoroquinolones,Attributable,1993,0.0000015324337035324984,0.0000027680048541077325,2.968625529572643e-7
Kyrgyzstan,10 to 14,Both sexes,Deaths,Number,Salmonella enterica serovar Typhi,Fluoroquinolones,Attributable,1994,0.0000016667345937629095,0.000003011999754846916,3.2146943267890335e-7
Kyrgyzstan,10 to 14,Both sexes,Deaths,Number,Salmonella enterica serovar Typhi,Fluoroquinolones,Attributable,1995,0.000001889292437004289,0.0000034050614201900145,3.735234538185635e-7
Kyrgyzstan,10 to 14,Both sexes,Deaths,Number,Salmonella enterica serovar Typhi,Fluoroquinolones,Attributable,1996,0.0000018438577931834408,0.0000033188035812458696,3.6891200512101137e-7
Kyrgyzstan,10 to 14,Both sexes,Deaths,Number,Salmonella enterica serovar Typhi,Fluoroquinolones,Attributable,1997,0.00000221428504479719,0.00000399548243164226,4.330876579521198e-7
Kyrgyzstan,10 to 14,Both sexes,Deaths,Number,Salmonella enterica serovar Typhi,Fluoroquinolones,Attributable,1998,0.000002780638618586956,0.000005011595873991615,5.49681363182297e-7
Kyrgyzstan,10 to 14,Both sexes,Deaths,Number,Salmonella enterica serovar Typhi,Fluoroquinolones,Attributable,1999,0.0000034430326527182392,0.000006146584762316743,7.394805431197354e-7
Kyrgyzstan,10 to 14,Both sexes,Deaths,Number,Salmonella enterica serovar Typhi,Fluoroquinolones,Attributable,2000,0.0000036210739459358793,0.0000064080035761993845,8.34144315672374e-7
Kyrgyzstan,10 to 14,Both sexes,Deaths,Number,Salmonella enterica serovar Typhi,Fluoroquinolones,Attributable,2001,0.000005780611105634236,0.00001048819429444941,0.0000010730279168190611
Kyrgyzstan,10 to 14,Both sexes,Deaths,Number,Salmonella enterica serovar Typhi,Fluoroquinolones,Attributable,2002,0.000011416249530471383,0.00002109789539757497,0.000001734603663367795
Kyrgyzstan,10 to 14,Both sexes,Deaths,Number,Salmonella enterica serovar Typhi,Fluoroquinolones,Attributable,2003,0.000200444068996015,0.00038259033687587326,0.000018297801116156693
Kyrgyzstan,10 to 14,Both sexes,Deaths,Number,Salmonella enterica serovar Typhi,Fluoroquinolones,Attributable,2004,0.0004702615820590147,0.000920462781563662,0.00002006038255436733
Kyrgyzstan,10 to 14,Both sexes,Deaths,Number,Salmonella enterica serovar Typhi,Fluoroquinolones,Attributable,2005,0.0005366556540166013,0.001034924381518922,0.00003838692651428083
Kyrgyzstan,10 to 14,Both sexes,Deaths,Number,Salmonella enterica serovar Typhi,Fluoroquinolones,Attributable,2006,0.00020609945112857772,0.0003921433519178505,0.000020055550339304913
Kyrgyzstan,10 to 14,Both sexes,Deaths,Number,Salmonella enterica serovar Typhi,Fluoroquinolones,Attributable,2007,0.00001080650491977344,0.00002048565442241691,0.0000011273554171299678
Kyrgyzstan,10 to 14,Both sexes,Deaths,Number,Salmonella enterica serovar Typhi,Fluoroquinolones,Attributable,2008,0.000004034026427449986,0.000007461371200680218,6.066816542197549e-7
Kyrgyzstan,10 to 14,Both sexes,Deaths,Number,Salmonella enterica serovar Typhi,Fluoroquinolones,Attributable,2009,0.0000033392769911028565,0.000006134761441591189,5.437925406145248e-7
Kyrgyzstan,10 to 14,Both sexes,Deaths,Number,Salmonella enterica serovar Typhi,Fluoroquinolones,Attributable,2010,0.000003729040352181841,0.0000068262965697236795,6.317841346400031e-7
Kyrgyzstan,10 to 14,Both sexes,Deaths,Number,Salmonella enterica serovar Typhi,Fluoroquinolones,Attributable,2011,0.000002576136567372837,0.00000464263413993815,5.096389948075247e-7
Kyrgyzstan,10 to 14,Both sexes,Deaths,Number,Salmonella enterica serovar Typhi,Fluoroquinolones,Attributable,2012,0.000002686328356415065,0.000004768993361061269,6.036633517688619e-7
Kyrgyzstan,10 to 14,Both sexes,Deaths,Number,Salmonella enterica serovar Typhi,Fluoroquinolones,Attributable,2013,0.0000031660330756783388,0.000005540838374403909,7.912277769527686e-7
Kyrgyzstan,10 to 14,Both sexes,Deaths,Number,Salmonella enterica serovar Typhi,Fluoroquinolones,Attributable,2014,0.000006333405959180594,0.000011166243584457718,0.000001500568333903469
Kyrgyzstan,10 to 14,Both sexes,Deaths,Number,Salmonella enterica serovar Typhi,Fluoroquinolones,Attributable,2015,0.000040388194738025456,0.00007148134150748932,0.000009295047968561589
Kyrgyzstan,10 to 14,Both sexes,Deaths,Number,Salmonella enterica serovar Typhi,Fluoroquinolones,Attributable,2016,0.0000032114255151837543,0.000005618841577608579,8.040094527589299e-7
Kyrgyzstan,10 to 14,Both sexes,Deaths,Number,Salmonella enterica serovar Typhi,Fluoroquinolones,Attributable,2017,0.000002600427744801187,0.0000045746957487425386,6.261597408598351e-7
Kyrgyzstan,10 to 14,Both sexes,Deaths,Number,Salmonella enterica serovar Typhi,Fluoroquinolones,Attributable,2018,0.000002314494345974797,0.000004095970567275405,5.330181246741892e-7
Kyrgyzstan,10 to 14,Both sexes,Deaths,Number,Salmonella enterica serovar Typhi,Fluoroquinolones,Attributable,2019,0.000002448949251688864,0.00000436557131966513,5.323271837125982e-7
Kyrgyzstan,10 to 14,Both sexes,Deaths,Number,Salmonella enterica serovar Typhi,Fluoroquinolones,Attributable,2020,0.0000022541141537866155,0.000004055975810724275,4.522524968489563e-7
Kyrgyzstan,10 to 14,Both sexes,Deaths,Number,Salmonella enterica serovar Typhi,Fluoroquinolones,Attributable,2021,0.0000020907769222702843,0.000003841393642583818,3.401602019567503e-7
Kyrgyzstan,10 to 14,Both sexes,Deaths,Number,Shigella spp.,Fluoroquinolones,Attributable,1990,0.0026565457539955,0.0062343836065266,0
Kyrgyzstan,10 to 14,Both sexes,Deaths,Number,Shigella spp.,Fluoroquinolones,Attributable,1991,0.0027960096147935,0.0066219879487186,0
Kyrgyzstan,10 to 14,Both sexes,Deaths,Number,Shigella spp.,Fluoroquinolones,Attributable,1992,0.0033064045300620834,0.007879622904320911,0
Kyrgyzstan,10 to 14,Both sexes,Deaths,Number,Shigella spp.,Fluoroquinolones,Attributable,1993,0.0037630590504113,0.0091201578450856,0
Kyrgyzstan,10 to 14,Both sexes,Deaths,Number,Shigella spp.,Fluoroquinolones,Attributable,1994,0.0048991110600624,0.0118747469947463,0
Kyrgyzstan,10 to 14,Both sexes,Deaths,Number,Shigella spp.,Fluoroquinolones,Attributable,1995,0.0049059597516611,0.012034834049164,0
Kyrgyzstan,10 to 14,Both sexes,Deaths,Number,Shigella spp.,Fluoroquinolones,Attributable,1996,0.004656185765959,0.0114926017950286,0
Kyrgyzstan,10 to 14,Both sexes,Deaths,Number,Shigella spp.,Fluoroquinolones,Attributable,1997,0.0053267792963752,0.0129449903192323,0
Kyrgyzstan,10 to 14,Both sexes,Deaths,Number,Shigella spp.,Fluoroquinolones,Attributable,1998,0.0048941063454239,0.0117067964505431,0
Kyrgyzstan,10 to 14,Both sexes,Deaths,Number,Shigella spp.,Fluoroquinolones,Attributable,1999,0.00389092109114482,0.009254159389215935,0
Kyrgyzstan,10 to 14,Both sexes,Deaths,Number,Shigella spp.,Fluoroquinolones,Attributable,2000,0.0026655799691924524,0.006321802247440753,0
Kyrgyzstan,10 to 14,Both sexes,Deaths,Number,Shigella spp.,Fluoroquinolones,Attributable,2001,0.0023109285584633887,0.00551287814364345,0
Kyrgyzstan,10 to 14,Both sexes,Deaths,Number,Shigella spp.,Fluoroquinolones,Attributable,2002,0.0019695674152238832,0.004585301229889215,0
Kyrgyzstan,10 to 14,Both sexes,Deaths,Number,Shigella spp.,Fluoroquinolones,Attributable,2003,0.001561398732367907,0.0035812806454651996,0
Kyrgyzstan,10 to 14,Both sexes,Deaths,Number,Shigella spp.,Fluoroquinolones,Attributable,2004,0.00131118098693446,0.003026964559411956,0
Kyrgyzstan,10 to 14,Both sexes,Deaths,Number,Shigella spp.,Fluoroquinolones,Attributable,2005,0.00134705504241968,0.0031232369160570103,0
Kyrgyzstan,10 to 14,Both sexes,Deaths,Number,Shigella spp.,Fluoroquinolones,Attributable,2006,0.0016287898010370519,0.0036991015079813902,0
Kyrgyzstan,10 to 14,Both sexes,Deaths,Number,Shigella spp.,Fluoroquinolones,Attributable,2007,0.001954194923848784,0.004379794592312293,0
Kyrgyzstan,10 to 14,Both sexes,Deaths,Number,Shigella spp.,Fluoroquinolones,Attributable,2008,0.0018088603050990845,0.004085551724668347,0
Kyrgyzstan,10 to 14,Both sexes,Deaths,Number,Shigella spp.,Fluoroquinolones,Attributable,2009,0.0015109538279554293,0.00352689991524124,0
Kyrgyzstan,10 to 14,Both sexes,Deaths,Number,Shigella spp.,Fluoroquinolones,Attributable,2010,0.001402167314966899,0.0031661070190331392,0
Kyrgyzstan,10 to 14,Both sexes,Deaths,Number,Shigella spp.,Fluoroquinolones,Attributable,2011,0.001276055875079972,0.002896742613544391,0
Kyrgyzstan,10 to 14,Both sexes,Deaths,Number,Shigella spp.,Fluoroquinolones,Attributable,2012,0.0013628573177110008,0.0030710999252602754,0
Kyrgyzstan,10 to 14,Both sexes,Deaths,Number,Shigella spp.,Fluoroquinolones,Attributable,2013,0.0014247591298317001,0.003200825878342587,0
Kyrgyzstan,10 to 14,Both sexes,Deaths,Number,Shigella spp.,Fluoroquinolones,Attributable,2014,0.0017620746472637903,0.003812717779367511,0
Kyrgyzstan,10 to 14,Both sexes,Deaths,Number,Shigella spp.,Fluoroquinolones,Attributable,2015,0.0019352143830225332,0.004294768248001082,0
Kyrgyzstan,10 to 14,Both sexes,Deaths,Number,Shigella spp.,Fluoroquinolones,Attributable,2016,0.002144300848987174,0.004670318749630411,0
Kyrgyzstan,10 to 14,Both sexes,Deaths,Number,Shigella spp.,Fluoroquinolones,Attributable,2017,0.0015915593169233695,0.0034694680145666446,0
Kyrgyzstan,10 to 14,Both sexes,Deaths,Number,Shigella spp.,Fluoroquinolones,Attributable,2018,0.0014526572405488933,0.003305957595883849,0
Kyrgyzstan,10 to 14,Both sexes,Deaths,Number,Shigella spp.,Fluoroquinolones,Attributable,2019,0.0018621840335437947,0.004260546273181992,0
Kyrgyzstan,10 to 14,Both sexes,Deaths,Number,Shigella spp.,Fluoroquinolones,Attributable,2020,0.001820777962409118,0.0041163139064269525,0
Kyrgyzstan,10 to 14,Both sexes,Deaths,Number,Shigella spp.,Fluoroquinolones,Attributable,2021,0.0018400286762820608,0.00433869967063245,0
Kyrgyzstan,10 to 14,Both sexes,Deaths,Number,Mycobacterium tuberculosis,Resistance to one or more antibiotics,Attributable,1990,0.0014559299973964,0.0057155186399809,0
Kyrgyzstan,10 to 14,Both sexes,Deaths,Number,Mycobacterium tuberculosis,Resistance to one or more antibiotics,Attributable,1991,0.0045670019759144,0.017605471344686,0
Kyrgyzstan,10 to 14,Both sexes,Deaths,Number,Mycobacterium tuberculosis,Resistance to one or more antibiotics,Attributable,1992,0.011211827952264943,0.04198054822979866,0
Kyrgyzstan,10 to 14,Both sexes,Deaths,Number,Mycobacterium tuberculosis,Resistance to one or more antibiotics,Attributable,1993,0.0188849194841229,0.0706298769809957,0
Kyrgyzstan,10 to 14,Both sexes,Deaths,Number,Mycobacterium tuberculosis,Resistance to one or more antibiotics,Attributable,1994,0.0343269778824072,0.1362415661737999,0
Kyrgyzstan,10 to 14,Both sexes,Deaths,Number,Mycobacterium tuberculosis,Resistance to one or more antibiotics,Attributable,1995,0.0495253088533471,0.2039535515433309,0
Kyrgyzstan,10 to 14,Both sexes,Deaths,Number,Mycobacterium tuberculosis,Resistance to one or more antibiotics,Attributable,1996,0.0858471082598963,0.3537294833149305,0
Kyrgyzstan,10 to 14,Both sexes,Deaths,Number,Mycobacterium tuberculosis,Resistance to one or more antibiotics,Attributable,1997,0.1325470660529434,0.5149923806857848,0
Kyrgyzstan,10 to 14,Both sexes,Deaths,Number,Mycobacterium tuberculosis,Resistance to one or more antibiotics,Attributable,1998,0.2032380250777856,0.6883322943262953,0
Kyrgyzstan,10 to 14,Both sexes,Deaths,Number,Mycobacterium tuberculosis,Resistance to one or more antibiotics,Attributable,1999,0.25615691003676255,0.8006558847465527,0
Kyrgyzstan,10 to 14,Both sexes,Deaths,Number,Mycobacterium tuberculosis,Resistance to one or more antibiotics,Attributable,2000,0.29608305184855965,0.8824252025500426,0
Kyrgyzstan,10 to 14,Both sexes,Deaths,Number,Mycobacterium tuberculosis,Resistance to one or more antibiotics,Attributable,2001,0.33300408141907356,0.9699464174281603,0
Kyrgyzstan,10 to 14,Both sexes,Deaths,Number,Mycobacterium tuberculosis,Resistance to one or more antibiotics,Attributable,2002,0.4103204341926091,1.1662352711656219,0
Kyrgyzstan,10 to 14,Both sexes,Deaths,Number,Mycobacterium tuberculosis,Resistance to one or more antibiotics,Attributable,2003,0.41297667724258164,1.1288170384840506,0
Kyrgyzstan,10 to 14,Both sexes,Deaths,Number,Mycobacterium tuberculosis,Resistance to one or more antibiotics,Attributable,2004,0.3353335404394159,0.8985419512394573,0
Kyrgyzstan,10 to 14,Both sexes,Deaths,Number,Mycobacterium tuberculosis,Resistance to one or more antibiotics,Attributable,2005,0.3761280010877174,0.9867347272937429,0
Kyrgyzstan,10 to 14,Both sexes,Deaths,Number,Mycobacterium tuberculosis,Resistance to one or more antibiotics,Attributable,2006,0.4169500828203927,1.0564565441699378,0
Kyrgyzstan,10 to 14,Both sexes,Deaths,Number,Mycobacterium tuberculosis,Resistance to one or more antibiotics,Attributable,2007,0.42256136737759376,1.033322166595132,0
Kyrgyzstan,10 to 14,Both sexes,Deaths,Number,Mycobacterium tuberculosis,Resistance to one or more antibiotics,Attributable,2008,0.5113005274244102,1.231324729092699,0
Kyrgyzstan,10 to 14,Both sexes,Deaths,Number,Mycobacterium tuberculosis,Resistance to one or more antibiotics,Attributable,2009,0.4794740470028017,1.1431204204601166,0
Kyrgyzstan,10 to 14,Both sexes,Deaths,Number,Mycobacterium tuberculosis,Resistance to one or more antibiotics,Attributable,2010,0.4096610497006248,0.9758791277504977,0
Kyrgyzstan,10 to 14,Both sexes,Deaths,Number,Mycobacterium tuberculosis,Resistance to one or more antibiotics,Attributable,2011,0.39089906754193754,0.9375458131880128,0
Kyrgyzstan,10 to 14,Both sexes,Deaths,Number,Mycobacterium tuberculosis,Resistance to one or more antibiotics,Attributable,2012,0.3909091197883513,0.9270379580558171,0
Kyrgyzstan,10 to 14,Both sexes,Deaths,Number,Mycobacterium tuberculosis,Resistance to one or more antibiotics,Attributable,2013,0.39483977373406903,0.9235060918622278,0
Kyrgyzstan,10 to 14,Both sexes,Deaths,Number,Mycobacterium tuberculosis,Resistance to one or more antibiotics,Attributable,2014,0.3630542882761659,0.8458304557084807,0
Kyrgyzstan,10 to 14,Both sexes,Deaths,Number,Mycobacterium tuberculosis,Resistance to one or more antibiotics,Attributable,2015,0.3443975614553615,0.8087569539059587,0
Kyrgyzstan,10 to 14,Both sexes,Deaths,Number,Mycobacterium tuberculosis,Resistance to one or more antibiotics,Attributable,2016,0.35099565632821805,0.8240666974725313,0
Kyrgyzstan,10 to 14,Both sexes,Deaths,Number,Mycobacterium tuberculosis,Resistance to one or more antibiotics,Attributable,2017,0.2911377290703121,0.6822799216455133,0
Kyrgyzstan,10 to 14,Both sexes,Deaths,Number,Mycobacterium tuberculosis,Resistance to one or more antibiotics,Attributable,2018,0.3183410691745995,0.7504764047501005,0
Kyrgyzstan,10 to 14,Both sexes,Deaths,Number,Mycobacterium tuberculosis,Resistance to one or more antibiotics,Attributable,2019,0.3315680124151359,0.7870442201183288,0
Kyrgyzstan,10 to 14,Both sexes,Deaths,Number,Mycobacterium tuberculosis,Resistance to one or more antibiotics,Attributable,2020,0.3230470700005402,0.7779674529375336,0
Kyrgyzstan,10 to 14,Both sexes,Deaths,Number,Mycobacterium tuberculosis,Resistance to one or more antibiotics,Attributable,2021,0.30778281746283204,0.7464049772064356,0
Kyrgyzstan,10 to 14,Both sexes,Deaths,Number,Citrobacter spp.,Third-generation cephalosporins,Attributable,1990,0.0010436167221986,0.0023871407558841,0
Kyrgyzstan,10 to 14,Both sexes,Deaths,Number,Citrobacter spp.,Third-generation cephalosporins,Attributable,1991,0.0009750240196266,0.0022565845072608,0
Kyrgyzstan,10 to 14,Both sexes,Deaths,Number,Citrobacter spp.,Third-generation cephalosporins,Attributable,1992,0.0010251343042350263,0.0022501687798886037,0
Kyrgyzstan,10 to 14,Both sexes,Deaths,Number,Citrobacter spp.,Third-generation cephalosporins,Attributable,1993,0.0010609632132052,0.0023336440572601,0
Kyrgyzstan,10 to 14,Both sexes,Deaths,Number,Citrobacter spp.,Third-generation cephalosporins,Attributable,1994,0.0011302462008325,0.0024403146242417,0
Kyrgyzstan,10 to 14,Both sexes,Deaths,Number,Citrobacter spp.,Third-generation cephalosporins,Attributable,1995,0.001173354119028,0.0024508497584392,0
Kyrgyzstan,10 to 14,Both sexes,Deaths,Number,Citrobacter spp.,Third-generation cephalosporins,Attributable,1996,0.0012794008307266,0.0026267123106776,0
Kyrgyzstan,10 to 14,Both sexes,Deaths,Number,Citrobacter spp.,Third-generation cephalosporins,Attributable,1997,0.0013858541833844,0.0028563473284802,0
Kyrgyzstan,10 to 14,Both sexes,Deaths,Number,Citrobacter spp.,Third-generation cephalosporins,Attributable,1998,0.0014534075612625,0.0029717933274794,0
Kyrgyzstan,10 to 14,Both sexes,Deaths,Number,Citrobacter spp.,Third-generation cephalosporins,Attributable,1999,0.0014476132705142182,0.0028834284783671666,0.000011798062661269766
Kyrgyzstan,10 to 14,Both sexes,Deaths,Number,Citrobacter spp.,Third-generation cephalosporins,Attributable,2000,0.0014056647585057825,0.0028251523317952836,0
Kyrgyzstan,10 to 14,Both sexes,Deaths,Number,Citrobacter spp.,Third-generation cephalosporins,Attributable,2001,0.0013348582382235236,0.0026470286282886967,0.000022687848158350378
Kyrgyzstan,10 to 14,Both sexes,Deaths,Number,Citrobacter spp.,Third-generation cephalosporins,Attributable,2002,0.0013165705430614786,0.0025690624784078164,0.00006407860771514054
Kyrgyzstan,10 to 14,Both sexes,Deaths,Number,Citrobacter spp.,Third-generation cephalosporins,Attributable,2003,0.0012030049589884684,0.00232430365517249,0.00008170626280444722
Kyrgyzstan,10 to 14,Both sexes,Deaths,Number,Citrobacter spp.,Third-generation cephalosporins,Attributable,2004,0.0010470588418732118,0.0020303590418932413,0.00006375864185318206
Kyrgyzstan,10 to 14,Both sexes,Deaths,Number,Citrobacter spp.,Third-generation cephalosporins,Attributable,2005,0.0010125837297991292,0.001931884578869419,0.00009328288072883934
Kyrgyzstan,10 to 14,Both sexes,Deaths,Number,Citrobacter spp.,Third-generation cephalosporins,Attributable,2006,0.0010272280967250466,0.0019244289194273096,0.00013002727402278375
Kyrgyzstan,10 to 14,Both sexes,Deaths,Number,Citrobacter spp.,Third-generation cephalosporins,Attributable,2007,0.0009849564673836868,0.001852511644077386,0.00011740129068998754
Kyrgyzstan,10 to 14,Both sexes,Deaths,Number,Citrobacter spp.,Third-generation cephalosporins,Attributable,2008,0.0009892661151831303,0.0018447221551187115,0.00013381007524754913
Kyrgyzstan,10 to 14,Both sexes,Deaths,Number,Citrobacter spp.,Third-generation cephalosporins,Attributable,2009,0.0009851382400087514,0.0018455351947768964,0.00012474128524060635
Kyrgyzstan,10 to 14,Both sexes,Deaths,Number,Citrobacter spp.,Third-generation cephalosporins,Attributable,2010,0.000980469845276656,0.0018799616816933715,0.00008097800885994056
Kyrgyzstan,10 to 14,Both sexes,Deaths,Number,Citrobacter spp.,Third-generation cephalosporins,Attributable,2011,0.0009741930514293842,0.0018335290747470122,0.0001148570281117563
Kyrgyzstan,10 to 14,Both sexes,Deaths,Number,Citrobacter spp.,Third-generation cephalosporins,Attributable,2012,0.0011383305692190435,0.0021433544357281776,0.0001333067027099097
Kyrgyzstan,10 to 14,Both sexes,Deaths,Number,Citrobacter spp.,Third-generation cephalosporins,Attributable,2013,0.0013162671880102858,0.002508105731126651,0.0001244286448939206
Kyrgyzstan,10 to 14,Both sexes,Deaths,Number,Citrobacter spp.,Third-generation cephalosporins,Attributable,2014,0.0016326867509689653,0.003118435870324464,0.00014693763161346659
Kyrgyzstan,10 to 14,Both sexes,Deaths,Number,Citrobacter spp.,Third-generation cephalosporins,Attributable,2015,0.0017677357027809264,0.003399308993926814,0.000136162411635039
Kyrgyzstan,10 to 14,Both sexes,Deaths,Number,Citrobacter spp.,Third-generation cephalosporins,Attributable,2016,0.0017342360493284468,0.003316758184775701,0.00015171391388119244
Kyrgyzstan,10 to 14,Both sexes,Deaths,Number,Citrobacter spp.,Third-generation cephalosporins,Attributable,2017,0.0018298388236025408,0.0035615483472987283,0.00009812929990635341
Kyrgyzstan,10 to 14,Both sexes,Deaths,Number,Citrobacter spp.,Third-generation cephalosporins,Attributable,2018,0.0017992929354071557,0.0035079453584155418,0.00009064051239876959
Kyrgyzstan,10 to 14,Both sexes,Deaths,Number,Citrobacter spp.,Third-generation cephalosporins,Attributable,2019,0.0019957990069967885,0.0038455019526169552,0.00014609606137662174
Kyrgyzstan,10 to 14,Both sexes,Deaths,Number,Citrobacter spp.,Third-generation cephalosporins,Attributable,2020,0.0021859758834782707,0.004186868547573773,0.00018508321938276884
Kyrgyzstan,10 to 14,Both sexes,Deaths,Number,Citrobacter spp.,Third-generation cephalosporins,Attributable,2021,0.002282850249620765,0.004401972826342256,0.00016372767289927342
Kyrgyzstan,10 to 14,Both sexes,Deaths,Number,Escherichia coli,Third-generation cephalosporins,Attributable,1990,0.1405898541773225,0.2062435066083172,0.0749362017463278
Kyrgyzstan,10 to 14,Both sexes,Deaths,Number,Escherichia coli,Third-generation cephalosporins,Attributable,1991,0.1396500320829497,0.2035891568814727,0.0757109072844267
Kyrgyzstan,10 to 14,Both sexes,Deaths,Number,Escherichia coli,Third-generation cephalosporins,Attributable,1992,0.15198090522101193,0.21799630408459506,0.0859655063574288
Kyrgyzstan,10 to 14,Both sexes,Deaths,Number,Escherichia coli,Third-generation cephalosporins,Attributable,1993,0.1566098605805527,0.2246243857120016,0.0885953354491038
Kyrgyzstan,10 to 14,Both sexes,Deaths,Number,Escherichia coli,Third-generation cephalosporins,Attributable,1994,0.1699257767880417,0.2416340142298975,0.0982175393461858
Kyrgyzstan,10 to 14,Both sexes,Deaths,Number,Escherichia coli,Third-generation cephalosporins,Attributable,1995,0.161751600181155,0.2285683134775123,0.0949348868847977
Kyrgyzstan,10 to 14,Both sexes,Deaths,Number,Escherichia coli,Third-generation cephalosporins,Attributable,1996,0.1633996781115246,0.2316388236502414,0.0951605325728078
Kyrgyzstan,10 to 14,Both sexes,Deaths,Number,Escherichia coli,Third-generation cephalosporins,Attributable,1997,0.1548998664361132,0.2200502950024784,0.0897494378697479
Kyrgyzstan,10 to 14,Both sexes,Deaths,Number,Escherichia coli,Third-generation cephalosporins,Attributable,1998,0.1516439715721649,0.2153800843720173,0.0879078587723126
Kyrgyzstan,10 to 14,Both sexes,Deaths,Number,Escherichia coli,Third-generation cephalosporins,Attributable,1999,0.1556354703547279,0.21931487396455573,0.09195606674490009
Kyrgyzstan,10 to 14,Both sexes,Deaths,Number,Escherichia coli,Third-generation cephalosporins,Attributable,2000,0.1547095536718177,0.22019807856346693,0.0892210287801685
Kyrgyzstan,10 to 14,Both sexes,Deaths,Number,Escherichia coli,Third-generation cephalosporins,Attributable,2001,0.1493422663685614,0.2098468610282923,0.0888376717088305
Kyrgyzstan,10 to 14,Both sexes,Deaths,Number,Escherichia coli,Third-generation cephalosporins,Attributable,2002,0.13402891035036524,0.18786351360579667,0.0801943070949338
Kyrgyzstan,10 to 14,Both sexes,Deaths,Number,Escherichia coli,Third-generation cephalosporins,Attributable,2003,0.13593142830970179,0.18759333507033885,0.08426952154906472
Kyrgyzstan,10 to 14,Both sexes,Deaths,Number,Escherichia coli,Third-generation cephalosporins,Attributable,2004,0.12238073264541971,0.16734575456629303,0.07741571072454641
Kyrgyzstan,10 to 14,Both sexes,Deaths,Number,Escherichia coli,Third-generation cephalosporins,Attributable,2005,0.11819857804610354,0.1606139966788701,0.07578315941333696
Kyrgyzstan,10 to 14,Both sexes,Deaths,Number,Escherichia coli,Third-generation cephalosporins,Attributable,2006,0.11311331841499056,0.15401618619690655,0.07221045063307459
Kyrgyzstan,10 to 14,Both sexes,Deaths,Number,Escherichia coli,Third-generation cephalosporins,Attributable,2007,0.11693560951717835,0.15864083495242842,0.07523038408192827
Kyrgyzstan,10 to 14,Both sexes,Deaths,Number,Escherichia coli,Third-generation cephalosporins,Attributable,2008,0.12024984721367066,0.16207351368254264,0.07842618074479868
Kyrgyzstan,10 to 14,Both sexes,Deaths,Number,Escherichia coli,Third-generation cephalosporins,Attributable,2009,0.12279212191538308,0.16715948354269097,0.07842476028807518
Kyrgyzstan,10 to 14,Both sexes,Deaths,Number,Escherichia coli,Third-generation cephalosporins,Attributable,2010,0.11688129974083628,0.16040961693976888,0.07335298254190367
Kyrgyzstan,10 to 14,Both sexes,Deaths,Number,Escherichia coli,Third-generation cephalosporins,Attributable,2011,0.1015272503880055,0.1399208256532511,0.06313367512275991
Kyrgyzstan,10 to 14,Both sexes,Deaths,Number,Escherichia coli,Third-generation cephalosporins,Attributable,2012,0.10507262615514622,0.14506326598750074,0.06508198632279168
Kyrgyzstan,10 to 14,Both sexes,Deaths,Number,Escherichia coli,Third-generation cephalosporins,Attributable,2013,0.12073530364514477,0.16482435005052778,0.07664625723976176
Kyrgyzstan,10 to 14,Both sexes,Deaths,Number,Escherichia coli,Third-generation cephalosporins,Attributable,2014,0.1421046599641248,0.19574736204979268,0.08846195787845693
Kyrgyzstan,10 to 14,Both sexes,Deaths,Number,Escherichia coli,Third-generation cephalosporins,Attributable,2015,0.1466446530323105,0.20199971984817236,0.09128958621644864
Kyrgyzstan,10 to 14,Both sexes,Deaths,Number,Escherichia coli,Third-generation cephalosporins,Attributable,2016,0.12896452282993945,0.175345709761589,0.0825833358982899
Kyrgyzstan,10 to 14,Both sexes,Deaths,Number,Escherichia coli,Third-generation cephalosporins,Attributable,2017,0.13758641626432738,0.18793210903952906,0.0872407234891257
Kyrgyzstan,10 to 14,Both sexes,Deaths,Number,Escherichia coli,Third-generation cephalosporins,Attributable,2018,0.11827230451845083,0.16321014912835977,0.0733344599085419
Kyrgyzstan,10 to 14,Both sexes,Deaths,Number,Escherichia coli,Third-generation cephalosporins,Attributable,2019,0.1193969498573849,0.16248244263612252,0.07631145707864728
Kyrgyzstan,10 to 14,Both sexes,Deaths,Number,Escherichia coli,Third-generation cephalosporins,Attributable,2020,0.11459687077411441,0.15898508043234763,0.0702086611158812
Kyrgyzstan,10 to 14,Both sexes,Deaths,Number,Escherichia coli,Third-generation cephalosporins,Attributable,2021,0.11937451749620259,0.16352656745684574,0.07522246753555945
Kyrgyzstan,10 to 14,Both sexes,Deaths,Number,Klebsiella pneumoniae,Third-generation cephalosporins,Attributable,1990,0.055220543178508,0.0820507805628334,0.0283903057941825
Kyrgyzstan,10 to 14,Both sexes,Deaths,Number,Klebsiella pneumoniae,Third-generation cephalosporins,Attributable,1991,0.0536112953851013,0.0793418988139077,0.0278806919562948
Kyrgyzstan,10 to 14,Both sexes,Deaths,Number,Klebsiella pneumoniae,Third-generation cephalosporins,Attributable,1992,0.05471852270622102,0.07998462561767555,0.02945241979476649
Kyrgyzstan,10 to 14,Both sexes,Deaths,Number,Klebsiella pneumoniae,Third-generation cephalosporins,Attributable,1993,0.0539369265166226,0.0793287032895116,0.0285451497437336
Kyrgyzstan,10 to 14,Both sexes,Deaths,Number,Klebsiella pneumoniae,Third-generation cephalosporins,Attributable,1994,0.0582116623233224,0.0854675553594662,0.0309557692871785
Kyrgyzstan,10 to 14,Both sexes,Deaths,Number,Klebsiella pneumoniae,Third-generation cephalosporins,Attributable,1995,0.0599128805052926,0.0872995705855426,0.0325261904250426
Kyrgyzstan,10 to 14,Both sexes,Deaths,Number,Klebsiella pneumoniae,Third-generation cephalosporins,Attributable,1996,0.0662512861642486,0.0967006793300375,0.0358018929984597
Kyrgyzstan,10 to 14,Both sexes,Deaths,Number,Klebsiella pneumoniae,Third-generation cephalosporins,Attributable,1997,0.0632392208264538,0.0934193821869209,0.0330590594659867
Kyrgyzstan,10 to 14,Both sexes,Deaths,Number,Klebsiella pneumoniae,Third-generation cephalosporins,Attributable,1998,0.0643632768553512,0.0953756768405331,0.0333508768701694
Kyrgyzstan,10 to 14,Both sexes,Deaths,Number,Klebsiella pneumoniae,Third-generation cephalosporins,Attributable,1999,0.05949277669663221,0.08877269883951601,0.03021285455374841
Kyrgyzstan,10 to 14,Both sexes,Deaths,Number,Klebsiella pneumoniae,Third-generation cephalosporins,Attributable,2000,0.06944821701947673,0.10268696516632753,0.03620946887262594
Kyrgyzstan,10 to 14,Both sexes,Deaths,Number,Klebsiella pneumoniae,Third-generation cephalosporins,Attributable,2001,0.0711870819630617,0.10534372997364662,0.03703043395247678
Kyrgyzstan,10 to 14,Both sexes,Deaths,Number,Klebsiella pneumoniae,Third-generation cephalosporins,Attributable,2002,0.07016035333303056,0.10185604843108245,0.03846465823497865
Kyrgyzstan,10 to 14,Both sexes,Deaths,Number,Klebsiella pneumoniae,Third-generation cephalosporins,Attributable,2003,0.06104522637031862,0.08837045970440173,0.033719993036235504
Kyrgyzstan,10 to 14,Both sexes,Deaths,Number,Klebsiella pneumoniae,Third-generation cephalosporins,Attributable,2004,0.04805689795744382,0.07039296388177095,0.025720832033116686
Kyrgyzstan,10 to 14,Both sexes,Deaths,Number,Klebsiella pneumoniae,Third-generation cephalosporins,Attributable,2005,0.03712449434730112,0.05404595365178482,0.020203035042817417
Kyrgyzstan,10 to 14,Both sexes,Deaths,Number,Klebsiella pneumoniae,Third-generation cephalosporins,Attributable,2006,0.03741904041048646,0.053752580463199695,0.021085500357773217
Kyrgyzstan,10 to 14,Both sexes,Deaths,Number,Klebsiella pneumoniae,Third-generation cephalosporins,Attributable,2007,0.03274737953779032,0.047170602933388164,0.018324156142192478
Kyrgyzstan,10 to 14,Both sexes,Deaths,Number,Klebsiella pneumoniae,Third-generation cephalosporins,Attributable,2008,0.03686156312205534,0.05267796803644743,0.02104515820766325
Kyrgyzstan,10 to 14,Both sexes,Deaths,Number,Klebsiella pneumoniae,Third-generation cephalosporins,Attributable,2009,0.045393659260064695,0.06470889078108684,0.026078427739042554
Kyrgyzstan,10 to 14,Both sexes,Deaths,Number,Klebsiella pneumoniae,Third-generation cephalosporins,Attributable,2010,0.0553941698430071,0.07959257654096717,0.03119576314504703
Kyrgyzstan,10 to 14,Both sexes,Deaths,Number,Klebsiella pneumoniae,Third-generation cephalosporins,Attributable,2011,0.059796341728791697,0.08486907436877203,0.03472360908881136
Kyrgyzstan,10 to 14,Both sexes,Deaths,Number,Klebsiella pneumoniae,Third-generation cephalosporins,Attributable,2012,0.06343746441105938,0.08967637939387865,0.03719854942824011
Kyrgyzstan,10 to 14,Both sexes,Deaths,Number,Klebsiella pneumoniae,Third-generation cephalosporins,Attributable,2013,0.07231114283883613,0.10168073118359522,0.04294155449407704
Kyrgyzstan,10 to 14,Both sexes,Deaths,Number,Klebsiella pneumoniae,Third-generation cephalosporins,Attributable,2014,0.08569292379976845,0.12091550858485467,0.05047033901468224
Kyrgyzstan,10 to 14,Both sexes,Deaths,Number,Klebsiella pneumoniae,Third-generation cephalosporins,Attributable,2015,0.0716562841796164,0.10171771627642086,0.04159485208281195
Kyrgyzstan,10 to 14,Both sexes,Deaths,Number,Klebsiella pneumoniae,Third-generation cephalosporins,Attributable,2016,0.06464924307697609,0.09060031383198146,0.03869817232197072
Kyrgyzstan,10 to 14,Both sexes,Deaths,Number,Klebsiella pneumoniae,Third-generation cephalosporins,Attributable,2017,0.0648172474956692,0.0919383833379533,0.037696111653385087
Kyrgyzstan,10 to 14,Both sexes,Deaths,Number,Klebsiella pneumoniae,Third-generation cephalosporins,Attributable,2018,0.05978007273239533,0.0848847032284439,0.03467544223634676
Kyrgyzstan,10 to 14,Both sexes,Deaths,Number,Klebsiella pneumoniae,Third-generation cephalosporins,Attributable,2019,0.051791435938302696,0.07231695923209414,0.03126591264451126
Kyrgyzstan,10 to 14,Both sexes,Deaths,Number,Klebsiella pneumoniae,Third-generation cephalosporins,Attributable,2020,0.05000237288020521,0.07124294434339248,0.028761801417017938
Kyrgyzstan,10 to 14,Both sexes,Deaths,Number,Klebsiella pneumoniae,Third-generation cephalosporins,Attributable,2021,0.046487115461558225,0.06588364885874047,0.027090582064375975
Kyrgyzstan,10 to 14,Both sexes,Deaths,Number,Morganella spp.,Third-generation cephalosporins,Attributable,1990,0.0017824936758289,0.0023233733866481,0.0012416139650096
Kyrgyzstan,10 to 14,Both sexes,Deaths,Number,Morganella spp.,Third-generation cephalosporins,Attributable,1991,0.0016883028469016,0.0021791499226117,0.0011974557711914
Kyrgyzstan,10 to 14,Both sexes,Deaths,Number,Morganella spp.,Third-generation cephalosporins,Attributable,1992,0.0016948798349128082,0.0021974464337969953,0.001192313236028621
Kyrgyzstan,10 to 14,Both sexes,Deaths,Number,Morganella spp.,Third-generation cephalosporins,Attributable,1993,0.0016727583072213,0.0021662294478105,0.001179287166632
Kyrgyzstan,10 to 14,Both sexes,Deaths,Number,Morganella spp.,Third-generation cephalosporins,Attributable,1994,0.0017127632885466,0.0022196234128157,0.0012059031642774
Kyrgyzstan,10 to 14,Both sexes,Deaths,Number,Morganella spp.,Third-generation cephalosporins,Attributable,1995,0.0017035894875384,0.002178743621033,0.0012284353540438
Kyrgyzstan,10 to 14,Both sexes,Deaths,Number,Morganella spp.,Third-generation cephalosporins,Attributable,1996,0.0017045286894591,0.0021954881906313,0.0012135691882869
Kyrgyzstan,10 to 14,Both sexes,Deaths,Number,Morganella spp.,Third-generation cephalosporins,Attributable,1997,0.001766362318284,0.0023007592883732,0.0012319653481948
Kyrgyzstan,10 to 14,Both sexes,Deaths,Number,Morganella spp.,Third-generation cephalosporins,Attributable,1998,0.0018380259661203,0.0023681288627392,0.0013079230695013
Kyrgyzstan,10 to 14,Both sexes,Deaths,Number,Morganella spp.,Third-generation cephalosporins,Attributable,1999,0.0017614243272882364,0.002311955625884668,0.001210893028691805
Kyrgyzstan,10 to 14,Both sexes,Deaths,Number,Morganella spp.,Third-generation cephalosporins,Attributable,2000,0.001714155363867617,0.0022655395263028845,0.0011627712014323497
Kyrgyzstan,10 to 14,Both sexes,Deaths,Number,Morganella spp.,Third-generation cephalosporins,Attributable,2001,0.001597929206424484,0.002066647413060444,0.001129210999788524
Kyrgyzstan,10 to 14,Both sexes,Deaths,Number,Morganella spp.,Third-generation cephalosporins,Attributable,2002,0.0015176759417370768,0.0019890518735346144,0.0010463000099395392
Kyrgyzstan,10 to 14,Both sexes,Deaths,Number,Morganella spp.,Third-generation cephalosporins,Attributable,2003,0.0013830173986998351,0.0018065510310616391,0.0009594837663380311
Kyrgyzstan,10 to 14,Both sexes,Deaths,Number,Morganella spp.,Third-generation cephalosporins,Attributable,2004,0.0011909931240761825,0.001560632833347566,0.0008213534148047989
Kyrgyzstan,10 to 14,Both sexes,Deaths,Number,Morganella spp.,Third-generation cephalosporins,Attributable,2005,0.0011314671424761955,0.0014673458600677467,0.0007955884248846441
Kyrgyzstan,10 to 14,Both sexes,Deaths,Number,Morganella spp.,Third-generation cephalosporins,Attributable,2006,0.0011341592664114147,0.0014649833887249155,0.0008033351440979137
Kyrgyzstan,10 to 14,Both sexes,Deaths,Number,Morganella spp.,Third-generation cephalosporins,Attributable,2007,0.0011156696252373741,0.001452601068716801,0.0007787381817579473
Kyrgyzstan,10 to 14,Both sexes,Deaths,Number,Morganella spp.,Third-generation cephalosporins,Attributable,2008,0.0011149773432807524,0.001472201471750062,0.000757753214811443
Kyrgyzstan,10 to 14,Both sexes,Deaths,Number,Morganella spp.,Third-generation cephalosporins,Attributable,2009,0.0011073995058441645,0.0014470982903950914,0.0007677007212932377
Kyrgyzstan,10 to 14,Both sexes,Deaths,Number,Morganella spp.,Third-generation cephalosporins,Attributable,2010,0.0011226987058888095,0.0014799963606522163,0.0007654010511254028
Kyrgyzstan,10 to 14,Both sexes,Deaths,Number,Morganella spp.,Third-generation cephalosporins,Attributable,2011,0.0009821008375817766,0.001297062041822939,0.0006671396333406142
Kyrgyzstan,10 to 14,Both sexes,Deaths,Number,Morganella spp.,Third-generation cephalosporins,Attributable,2012,0.0010090280398597517,0.0013109704000552921,0.0007070856796642113
Kyrgyzstan,10 to 14,Both sexes,Deaths,Number,Morganella spp.,Third-generation cephalosporins,Attributable,2013,0.0010821763860619487,0.001413114018342082,0.0007512387537818154
Kyrgyzstan,10 to 14,Both sexes,Deaths,Number,Morganella spp.,Third-generation cephalosporins,Attributable,2014,0.001228201817529794,0.001626066909457495,0.000830336725602093
Kyrgyzstan,10 to 14,Both sexes,Deaths,Number,Morganella spp.,Third-generation cephalosporins,Attributable,2015,0.0012725197983434774,0.0016703861759587752,0.0008746534207281796
Kyrgyzstan,10 to 14,Both sexes,Deaths,Number,Morganella spp.,Third-generation cephalosporins,Attributable,2016,0.0012460445395800588,0.0016318089051626087,0.0008602801739975089
Kyrgyzstan,10 to 14,Both sexes,Deaths,Number,Morganella spp.,Third-generation cephalosporins,Attributable,2017,0.00126856833529569,0.0016762511534713482,0.0008608855171200317
Kyrgyzstan,10 to 14,Both sexes,Deaths,Number,Morganella spp.,Third-generation cephalosporins,Attributable,2018,0.0011964524479767093,0.0015845746286042824,0.0008083302673491363
Kyrgyzstan,10 to 14,Both sexes,Deaths,Number,Morganella spp.,Third-generation cephalosporins,Attributable,2019,0.0012174063706012796,0.0015703642559246494,0.0008644484852779098
Kyrgyzstan,10 to 14,Both sexes,Deaths,Number,Morganella spp.,Third-generation cephalosporins,Attributable,2020,0.0011425786224705148,0.0015173394824111374,0.0007678177625298922
Kyrgyzstan,10 to 14,Both sexes,Deaths,Number,Morganella spp.,Third-generation cephalosporins,Attributable,2021,0.00109240078290865,0.0014365889687473193,0.0007482125970699805
Kyrgyzstan,10 to 14,Both sexes,Deaths,Number,Proteus spp.,Third-generation cephalosporins,Attributable,1990,0.0145749078625907,0.0227679051714063,0.0063819105537751
Kyrgyzstan,10 to 14,Both sexes,Deaths,Number,Proteus spp.,Third-generation cephalosporins,Attributable,1991,0.0138958304961787,0.0217711610830129,0.0060204999093445
Kyrgyzstan,10 to 14,Both sexes,Deaths,Number,Proteus spp.,Third-generation cephalosporins,Attributable,1992,0.01460209675203478,0.022638145847953477,0.006566047656116082
Kyrgyzstan,10 to 14,Both sexes,Deaths,Number,Proteus spp.,Third-generation cephalosporins,Attributable,1993,0.0149832444187401,0.0228885359045353,0.0070779529329449
Kyrgyzstan,10 to 14,Both sexes,Deaths,Number,Proteus spp.,Third-generation cephalosporins,Attributable,1994,0.0166839271190364,0.0253046331372502,0.0080632211008225
Kyrgyzstan,10 to 14,Both sexes,Deaths,Number,Proteus spp.,Third-generation cephalosporins,Attributable,1995,0.0171094181673402,0.025376596383422,0.0088422399512585
Kyrgyzstan,10 to 14,Both sexes,Deaths,Number,Proteus spp.,Third-generation cephalosporins,Attributable,1996,0.0173913848967025,0.0260165308544971,0.0087662389389079
Kyrgyzstan,10 to 14,Both sexes,Deaths,Number,Proteus spp.,Third-generation cephalosporins,Attributable,1997,0.018050404659564,0.0268010844680809,0.0092997248510472
Kyrgyzstan,10 to 14,Both sexes,Deaths,Number,Proteus spp.,Third-generation cephalosporins,Attributable,1998,0.018497204381495,0.0271331282596763,0.0098612805033136
Kyrgyzstan,10 to 14,Both sexes,Deaths,Number,Proteus spp.,Third-generation cephalosporins,Attributable,1999,0.01867437791395761,0.02727797643585953,0.01007077939205569
Kyrgyzstan,10 to 14,Both sexes,Deaths,Number,Proteus spp.,Third-generation cephalosporins,Attributable,2000,0.017996529504048137,0.026372842564327807,0.009620216443768467
Kyrgyzstan,10 to 14,Both sexes,Deaths,Number,Proteus spp.,Third-generation cephalosporins,Attributable,2001,0.01745998138882869,0.025497820027543104,0.009422142750114278
Kyrgyzstan,10 to 14,Both sexes,Deaths,Number,Proteus spp.,Third-generation cephalosporins,Attributable,2002,0.016995517228021728,0.02450594593634826,0.009485088519695196
Kyrgyzstan,10 to 14,Both sexes,Deaths,Number,Proteus spp.,Third-generation cephalosporins,Attributable,2003,0.014080645116570428,0.02049472894768748,0.007666561285453373
Kyrgyzstan,10 to 14,Both sexes,Deaths,Number,Proteus spp.,Third-generation cephalosporins,Attributable,2004,0.01278893542565106,0.018766637470513048,0.0068112333807890755
Kyrgyzstan,10 to 14,Both sexes,Deaths,Number,Proteus spp.,Third-generation cephalosporins,Attributable,2005,0.012679044194866653,0.01833580546535494,0.007022282924378367
Kyrgyzstan,10 to 14,Both sexes,Deaths,Number,Proteus spp.,Third-generation cephalosporins,Attributable,2006,0.013325023771835465,0.01916486941445234,0.007485178129218588
Kyrgyzstan,10 to 14,Both sexes,Deaths,Number,Proteus spp.,Third-generation cephalosporins,Attributable,2007,0.012257353178040619,0.017702612457610668,0.006812093898470571
Kyrgyzstan,10 to 14,Both sexes,Deaths,Number,Proteus spp.,Third-generation cephalosporins,Attributable,2008,0.011134022162404908,0.016128588487722542,0.006139455837087275
Kyrgyzstan,10 to 14,Both sexes,Deaths,Number,Proteus spp.,Third-generation cephalosporins,Attributable,2009,0.011419840400446997,0.016338700337989086,0.00650098046290491
Kyrgyzstan,10 to 14,Both sexes,Deaths,Number,Proteus spp.,Third-generation cephalosporins,Attributable,2010,0.00990041194855643,0.014208455500795542,0.005592368396317316
Kyrgyzstan,10 to 14,Both sexes,Deaths,Number,Proteus spp.,Third-generation cephalosporins,Attributable,2011,0.009233905852137342,0.013323854477292996,0.005143957226981687
Kyrgyzstan,10 to 14,Both sexes,Deaths,Number,Proteus spp.,Third-generation cephalosporins,Attributable,2012,0.010333925066854169,0.014856283213196476,0.005811566920511863
Kyrgyzstan,10 to 14,Both sexes,Deaths,Number,Proteus spp.,Third-generation cephalosporins,Attributable,2013,0.012327088437862066,0.017521880557817223,0.007132296317906909
Kyrgyzstan,10 to 14,Both sexes,Deaths,Number,Proteus spp.,Third-generation cephalosporins,Attributable,2014,0.014935088892284117,0.020878770714140005,0.008991407070428229
Kyrgyzstan,10 to 14,Both sexes,Deaths,Number,Proteus spp.,Third-generation cephalosporins,Attributable,2015,0.01663938750448025,0.02336056612755203,0.009918208881408472
Kyrgyzstan,10 to 14,Both sexes,Deaths,Number,Proteus spp.,Third-generation cephalosporins,Attributable,2016,0.015279231607721096,0.021560639281615293,0.008997823933826898
Kyrgyzstan,10 to 14,Both sexes,Deaths,Number,Proteus spp.,Third-generation cephalosporins,Attributable,2017,0.015172531333742603,0.021459235905192456,0.00888582676229275
Kyrgyzstan,10 to 14,Both sexes,Deaths,Number,Proteus spp.,Third-generation cephalosporins,Attributable,2018,0.014093180692831263,0.020098865475030873,0.008087495910631654
Kyrgyzstan,10 to 14,Both sexes,Deaths,Number,Proteus spp.,Third-generation cephalosporins,Attributable,2019,0.014591839459733342,0.020630326440202164,0.00855335247926452
Kyrgyzstan,10 to 14,Both sexes,Deaths,Number,Proteus spp.,Third-generation cephalosporins,Attributable,2020,0.014772213118071356,0.02088084731272188,0.008663578923420831
Kyrgyzstan,10 to 14,Both sexes,Deaths,Number,Proteus spp.,Third-generation cephalosporins,Attributable,2021,0.014181265116084526,0.020203641963799993,0.008158888268369061
Kyrgyzstan,10 to 14,Both sexes,Deaths,Number,Serratia spp.,Third-generation cephalosporins,Attributable,1990,0.0005653605265316,0.0022256472998621,0
Kyrgyzstan,10 to 14,Both sexes,Deaths,Number,Serratia spp.,Third-generation cephalosporins,Attributable,1991,0.0005376107419207,0.0021351590053504,0
Kyrgyzstan,10 to 14,Both sexes,Deaths,Number,Serratia spp.,Third-generation cephalosporins,Attributable,1992,0.00047469020743325606,0.001911945617461057,0
Kyrgyzstan,10 to 14,Both sexes,Deaths,Number,Serratia spp.,Third-generation cephalosporins,Attributable,1993,0.0004519492670042,0.0018457949008715,0
Kyrgyzstan,10 to 14,Both sexes,Deaths,Number,Serratia spp.,Third-generation cephalosporins,Attributable,1994,0.0002605825467273,0.0003825195697331,0.0001386455237214
Kyrgyzstan,10 to 14,Both sexes,Deaths,Number,Serratia spp.,Third-generation cephalosporins,Attributable,1995,0.0003444133630334,0.0004916588073724,0.0001971679186944
Kyrgyzstan,10 to 14,Both sexes,Deaths,Number,Serratia spp.,Third-generation cephalosporins,Attributable,1996,0.0002306774583425,0.0003387720203086,0.0001225828963764
Kyrgyzstan,10 to 14,Both sexes,Deaths,Number,Serratia spp.,Third-generation cephalosporins,Attributable,1997,0.0004121342493798,0.0005790104655591,0.0002452580332005
Kyrgyzstan,10 to 14,Both sexes,Deaths,Number,Serratia spp.,Third-generation cephalosporins,Attributable,1998,0.0005320192947894,0.0013849692330972,0
Kyrgyzstan,10 to 14,Both sexes,Deaths,Number,Serratia spp.,Third-generation cephalosporins,Attributable,1999,0.0007356060181878505,0.0019909810491257124,0
Kyrgyzstan,10 to 14,Both sexes,Deaths,Number,Serratia spp.,Third-generation cephalosporins,Attributable,2000,0.0006767414239320658,0.0021044560100267266,0
Kyrgyzstan,10 to 14,Both sexes,Deaths,Number,Serratia spp.,Third-generation cephalosporins,Attributable,2001,0.000779370917965365,0.0022714774311082177,0
Kyrgyzstan,10 to 14,Both sexes,Deaths,Number,Serratia spp.,Third-generation cephalosporins,Attributable,2002,0.0007055728061433973,0.002019645139863812,0
Kyrgyzstan,10 to 14,Both sexes,Deaths,Number,Serratia spp.,Third-generation cephalosporins,Attributable,2003,0.0008061145306382531,0.002266112298875752,0
Kyrgyzstan,10 to 14,Both sexes,Deaths,Number,Serratia spp.,Third-generation cephalosporins,Attributable,2004,0.0006869751313889871,0.0018344440919260538,0
Kyrgyzstan,10 to 14,Both sexes,Deaths,Number,Serratia spp.,Third-generation cephalosporins,Attributable,2005,0.0007331801693677565,0.0019679130341332734,0
Kyrgyzstan,10 to 14,Both sexes,Deaths,Number,Serratia spp.,Third-generation cephalosporins,Attributable,2006,0.0007507855119069115,0.0020879907505629383,0
Kyrgyzstan,10 to 14,Both sexes,Deaths,Number,Serratia spp.,Third-generation cephalosporins,Attributable,2007,0.0007252118809674729,0.0020542233151175596,0
Kyrgyzstan,10 to 14,Both sexes,Deaths,Number,Serratia spp.,Third-generation cephalosporins,Attributable,2008,0.0006746067608711286,0.001978236425738744,0
Kyrgyzstan,10 to 14,Both sexes,Deaths,Number,Serratia spp.,Third-generation cephalosporins,Attributable,2009,0.0006833994824169156,0.0021105237312323633,0
Kyrgyzstan,10 to 14,Both sexes,Deaths,Number,Serratia spp.,Third-generation cephalosporins,Attributable,2010,0.0006667970500314519,0.0019533561873224825,0
Kyrgyzstan,10 to 14,Both sexes,Deaths,Number,Serratia spp.,Third-generation cephalosporins,Attributable,2011,0.0006416998448340383,0.001851646955832481,0
Kyrgyzstan,10 to 14,Both sexes,Deaths,Number,Serratia spp.,Third-generation cephalosporins,Attributable,2012,0.0006018944584217771,0.0017929223473147965,0
Kyrgyzstan,10 to 14,Both sexes,Deaths,Number,Serratia spp.,Third-generation cephalosporins,Attributable,2013,0.0007670108857232418,0.0019016541168621456,0
Kyrgyzstan,10 to 14,Both sexes,Deaths,Number,Serratia spp.,Third-generation cephalosporins,Attributable,2014,0.000769282418129871,0.0018594780520260058,0
Kyrgyzstan,10 to 14,Both sexes,Deaths,Number,Serratia spp.,Third-generation cephalosporins,Attributable,2015,0.0007751931508223447,0.00192369702782717,0
Kyrgyzstan,10 to 14,Both sexes,Deaths,Number,Serratia spp.,Third-generation cephalosporins,Attributable,2016,0.0006434576932103054,0.0016144139965689318,0
Kyrgyzstan,10 to 14,Both sexes,Deaths,Number,Serratia spp.,Third-generation cephalosporins,Attributable,2017,0.0005692104731835696,0.0014300060963632058,0
Kyrgyzstan,10 to 14,Both sexes,Deaths,Number,Serratia spp.,Third-generation cephalosporins,Attributable,2018,0.00032877985217586293,0.0011559492706346682,0
Kyrgyzstan,10 to 14,Both sexes,Deaths,Number,Serratia spp.,Third-generation cephalosporins,Attributable,2019,0.00023570777365778138,0.0007303488980448891,0
Kyrgyzstan,10 to 14,Both sexes,Deaths,Number,Serratia spp.,Third-generation cephalosporins,Attributable,2020,0.00017446049068827322,0.0005309802434928528,0
Kyrgyzstan,10 to 14,Both sexes,Deaths,Number,Serratia spp.,Third-generation cephalosporins,Attributable,2021,0.0002213938142463369,0.0006111705497862034,0
Kyrgyzstan,10 to 14,Both sexes,Deaths,Number,Haemophilus influenzae,Aminopenicillin,Attributable,1990,0.0356164414000593,0.0479041807536359,0.0233287020464826
Kyrgyzstan,10 to 14,Both sexes,Deaths,Number,Haemophilus influenzae,Aminopenicillin,Attributable,1991,0.0331832504037869,0.0443977308483984,0.0219687699591754
Kyrgyzstan,10 to 14,Both sexes,Deaths,Number,Haemophilus influenzae,Aminopenicillin,Attributable,1992,0.03398387184369568,0.0453737953055187,0.02259394838187266
Kyrgyzstan,10 to 14,Both sexes,Deaths,Number,Haemophilus influenzae,Aminopenicillin,Attributable,1993,0.0359144053859658,0.0480192679592908,0.0238095428126407
Kyrgyzstan,10 to 14,Both sexes,Deaths,Number,Haemophilus influenzae,Aminopenicillin,Attributable,1994,0.0392615363308077,0.0522037837216196,0.0263192889399958
Kyrgyzstan,10 to 14,Both sexes,Deaths,Number,Haemophilus influenzae,Aminopenicillin,Attributable,1995,0.0396545459598862,0.0527234900969003,0.0265856018228722
Kyrgyzstan,10 to 14,Both sexes,Deaths,Number,Haemophilus influenzae,Aminopenicillin,Attributable,1996,0.0405983279154254,0.0541384421612564,0.0270582136695944
Kyrgyzstan,10 to 14,Both sexes,Deaths,Number,Haemophilus influenzae,Aminopenicillin,Attributable,1997,0.041128924255766,0.0552247496100462,0.0270330989014858
Kyrgyzstan,10 to 14,Both sexes,Deaths,Number,Haemophilus influenzae,Aminopenicillin,Attributable,1998,0.0412341537415655,0.0550455710597284,0.0274227364234025
Kyrgyzstan,10 to 14,Both sexes,Deaths,Number,Haemophilus influenzae,Aminopenicillin,Attributable,1999,0.038961392480839026,0.052052814411760545,0.025869970549917506
Kyrgyzstan,10 to 14,Both sexes,Deaths,Number,Haemophilus influenzae,Aminopenicillin,Attributable,2000,0.03800567612382605,0.050954639225168075,0.025056713022484023
Kyrgyzstan,10 to 14,Both sexes,Deaths,Number,Haemophilus influenzae,Aminopenicillin,Attributable,2001,0.034901698155018146,0.04686296697530305,0.02294042933473324
Kyrgyzstan,10 to 14,Both sexes,Deaths,Number,Haemophilus influenzae,Aminopenicillin,Attributable,2002,0.03419079669715793,0.045337652302584276,0.023043941091731586
Kyrgyzstan,10 to 14,Both sexes,Deaths,Number,Haemophilus influenzae,Aminopenicillin,Attributable,2003,0.031582401921043134,0.04191870398878694,0.02124609985329932
Kyrgyzstan,10 to 14,Both sexes,Deaths,Number,Haemophilus influenzae,Aminopenicillin,Attributable,2004,0.025525686411199067,0.03394522381896896,0.01710614900342917
Kyrgyzstan,10 to 14,Both sexes,Deaths,Number,Haemophilus influenzae,Aminopenicillin,Attributable,2005,0.024974814911823667,0.03307244031742276,0.01687718950622457
Kyrgyzstan,10 to 14,Both sexes,Deaths,Number,Haemophilus influenzae,Aminopenicillin,Attributable,2006,0.025105609390782546,0.03338427526193481,0.016826943519630284
Kyrgyzstan,10 to 14,Both sexes,Deaths,Number,Haemophilus influenzae,Aminopenicillin,Attributable,2007,0.022375327818078716,0.02981414988787839,0.014936505748279042
Kyrgyzstan,10 to 14,Both sexes,Deaths,Number,Haemophilus influenzae,Aminopenicillin,Attributable,2008,0.022265657962171323,0.02956488464459225,0.014966431279750395
Kyrgyzstan,10 to 14,Both sexes,Deaths,Number,Haemophilus influenzae,Aminopenicillin,Attributable,2009,0.014766993228944664,0.018888035850253466,0.010645950607635863
Kyrgyzstan,10 to 14,Both sexes,Deaths,Number,Haemophilus influenzae,Aminopenicillin,Attributable,2010,0.012537574262195705,0.016345256375117908,0.008729892149273503
Kyrgyzstan,10 to 14,Both sexes,Deaths,Number,Haemophilus influenzae,Aminopenicillin,Attributable,2011,0.01085416282872827,0.01394231932755976,0.007766006329896781
Kyrgyzstan,10 to 14,Both sexes,Deaths,Number,Haemophilus influenzae,Aminopenicillin,Attributable,2012,0.011229454143584741,0.014423443204232533,0.00803546508293695
Kyrgyzstan,10 to 14,Both sexes,Deaths,Number,Haemophilus influenzae,Aminopenicillin,Attributable,2013,0.011554604215764814,0.014730849522829558,0.008378358908700069
Kyrgyzstan,10 to 14,Both sexes,Deaths,Number,Haemophilus influenzae,Aminopenicillin,Attributable,2014,0.012209152362453075,0.015435885361821385,0.008982419363084766
Kyrgyzstan,10 to 14,Both sexes,Deaths,Number,Haemophilus influenzae,Aminopenicillin,Attributable,2015,0.011778140563218523,0.014886992860744828,0.008669288265692219
Kyrgyzstan,10 to 14,Both sexes,Deaths,Number,Haemophilus influenzae,Aminopenicillin,Attributable,2016,0.009634146433990274,0.012269517683229373,0.006998775184751175
Kyrgyzstan,10 to 14,Both sexes,Deaths,Number,Haemophilus influenzae,Aminopenicillin,Attributable,2017,0.009719791842293768,0.012504325368604633,0.006935258315982902
Kyrgyzstan,10 to 14,Both sexes,Deaths,Number,Haemophilus influenzae,Aminopenicillin,Attributable,2018,0.009775052327913755,0.012631283870144073,0.006918820785683436
Kyrgyzstan,10 to 14,Both sexes,Deaths,Number,Haemophilus influenzae,Aminopenicillin,Attributable,2019,0.010221181556099572,0.013243103718267276,0.0071992593939318675
Kyrgyzstan,10 to 14,Both sexes,Deaths,Number,Haemophilus influenzae,Aminopenicillin,Attributable,2020,0.01053072124842584,0.013938845603650815,0.007122596893200867
Kyrgyzstan,10 to 14,Both sexes,Deaths,Number,Haemophilus influenzae,Aminopenicillin,Attributable,2021,0.010044752329120221,0.013185955527584812,0.00690354913065563
Kyrgyzstan,10 to 14,Both sexes,Deaths,Number,Mycobacterium tuberculosis,Extensive drug resistance in TB,Attributable,1990,0,0,0
Kyrgyzstan,10 to 14,Both sexes,Deaths,Number,Mycobacterium tuberculosis,Extensive drug resistance in TB,Attributable,1991,0,1.405737048356624e-7,0
Kyrgyzstan,10 to 14,Both sexes,Deaths,Number,Mycobacterium tuberculosis,Extensive drug resistance in TB,Attributable,1992,0,4.884448427448396e-7,0
Kyrgyzstan,10 to 14,Both sexes,Deaths,Number,Mycobacterium tuberculosis,Extensive drug resistance in TB,Attributable,1993,0.0005514444964207,0.0013080692938818,0
Kyrgyzstan,10 to 14,Both sexes,Deaths,Number,Mycobacterium tuberculosis,Extensive drug resistance in TB,Attributable,1994,0.0012434635760094,0.0037687339864699,0
Kyrgyzstan,10 to 14,Both sexes,Deaths,Number,Mycobacterium tuberculosis,Extensive drug resistance in TB,Attributable,1995,0.0022828419803861,0.0083701029831366,0
Kyrgyzstan,10 to 14,Both sexes,Deaths,Number,Mycobacterium tuberculosis,Extensive drug resistance in TB,Attributable,1996,0.0054096210533044,0.0190477662472079,0
Kyrgyzstan,10 to 14,Both sexes,Deaths,Number,Mycobacterium tuberculosis,Extensive drug resistance in TB,Attributable,1997,0.0108920194803908,0.0348269075900483,0
Kyrgyzstan,10 to 14,Both sexes,Deaths,Number,Mycobacterium tuberculosis,Extensive drug resistance in TB,Attributable,1998,0.020093635642542,0.0607505041824459,0
Kyrgyzstan,10 to 14,Both sexes,Deaths,Number,Mycobacterium tuberculosis,Extensive drug resistance in TB,Attributable,1999,0.028794610258357875,0.08292230116680246,0
Kyrgyzstan,10 to 14,Both sexes,Deaths,Number,Mycobacterium tuberculosis,Extensive drug resistance in TB,Attributable,2000,0.03961349945093531,0.10846205673661762,0
Kyrgyzstan,10 to 14,Both sexes,Deaths,Number,Mycobacterium tuberculosis,Extensive drug resistance in TB,Attributable,2001,0.05018383858008865,0.13313470386232568,0
Kyrgyzstan,10 to 14,Both sexes,Deaths,Number,Mycobacterium tuberculosis,Extensive drug resistance in TB,Attributable,2002,0.0641661317532112,0.1667173493240969,0
Kyrgyzstan,10 to 14,Both sexes,Deaths,Number,Mycobacterium tuberculosis,Extensive drug resistance in TB,Attributable,2003,0.06757509494916068,0.1712219912106545,0
Kyrgyzstan,10 to 14,Both sexes,Deaths,Number,Mycobacterium tuberculosis,Extensive drug resistance in TB,Attributable,2004,0.05705149047536345,0.14479602291069402,0
Kyrgyzstan,10 to 14,Both sexes,Deaths,Number,Mycobacterium tuberculosis,Extensive drug resistance in TB,Attributable,2005,0.0669631826660971,0.16735125951095334,0
Kyrgyzstan,10 to 14,Both sexes,Deaths,Number,Mycobacterium tuberculosis,Extensive drug resistance in TB,Attributable,2006,0.07813169757735769,0.1876846544461862,0
Kyrgyzstan,10 to 14,Both sexes,Deaths,Number,Mycobacterium tuberculosis,Extensive drug resistance in TB,Attributable,2007,0.08399959616202876,0.19038668545643134,0
Kyrgyzstan,10 to 14,Both sexes,Deaths,Number,Mycobacterium tuberculosis,Extensive drug resistance in TB,Attributable,2008,0.1065694946082503,0.23573988171010626,0
Kyrgyzstan,10 to 14,Both sexes,Deaths,Number,Mycobacterium tuberculosis,Extensive drug resistance in TB,Attributable,2009,0.10471618610127204,0.2286695716176865,0
Kyrgyzstan,10 to 14,Both sexes,Deaths,Number,Mycobacterium tuberculosis,Extensive drug resistance in TB,Attributable,2010,0.09299321398092456,0.20390590202409214,0
Kyrgyzstan,10 to 14,Both sexes,Deaths,Number,Mycobacterium tuberculosis,Extensive drug resistance in TB,Attributable,2011,0.09198677624090376,0.2025609970540913,0
Kyrgyzstan,10 to 14,Both sexes,Deaths,Number,Mycobacterium tuberculosis,Extensive drug resistance in TB,Attributable,2012,0.09565314262181912,0.2082824065719473,0
Kyrgyzstan,10 to 14,Both sexes,Deaths,Number,Mycobacterium tuberculosis,Extensive drug resistance in TB,Attributable,2013,0.10089576184294975,0.2146886777797628,0
Kyrgyzstan,10 to 14,Both sexes,Deaths,Number,Mycobacterium tuberculosis,Extensive drug resistance in TB,Attributable,2014,0.09660695884049009,0.2056659363707058,0
Kyrgyzstan,10 to 14,Both sexes,Deaths,Number,Mycobacterium tuberculosis,Extensive drug resistance in TB,Attributable,2015,0.0947165673004545,0.20643680295655287,0
Kyrgyzstan,10 to 14,Both sexes,Deaths,Number,Mycobacterium tuberculosis,Extensive drug resistance in TB,Attributable,2016,0.0994403380143532,0.2133597676102202,0
Kyrgyzstan,10 to 14,Both sexes,Deaths,Number,Mycobacterium tuberculosis,Extensive drug resistance in TB,Attributable,2017,0.08508257521802205,0.18379822299861284,0
Kyrgyzstan,10 to 14,Both sexes,Deaths,Number,Mycobacterium tuberculosis,Extensive drug resistance in TB,Attributable,2018,0.09601386295366415,0.2091937138584814,0
Kyrgyzstan,10 to 14,Both sexes,Deaths,Number,Mycobacterium tuberculosis,Extensive drug resistance in TB,Attributable,2019,0.10286433106857192,0.22612512216197633,0
Kyrgyzstan,10 to 14,Both sexes,Deaths,Number,Mycobacterium tuberculosis,Extensive drug resistance in TB,Attributable,2020,0.10288749504366272,0.22918965939756974,0
Kyrgyzstan,10 to 14,Both sexes,Deaths,Number,Mycobacterium tuberculosis,Extensive drug resistance in TB,Attributable,2021,0.10052832801806327,0.22586070985162818,0
Kyrgyzstan,10 to 14,Both sexes,Deaths,Number,Group A Streptococcus,Macrolides,Attributable,1990,0.0055639736556759,0.0079175994045428,0.0032103479068091
Kyrgyzstan,10 to 14,Both sexes,Deaths,Number,Group A Streptococcus,Macrolides,Attributable,1991,0.0054344740766898,0.0076917806853429,0.0031771674680367
Kyrgyzstan,10 to 14,Both sexes,Deaths,Number,Group A Streptococcus,Macrolides,Attributable,1992,0.005382787007615573,0.007566350367986521,0.0031992236472446253
Kyrgyzstan,10 to 14,Both sexes,Deaths,Number,Group A Streptococcus,Macrolides,Attributable,1993,0.0055583424340211,0.0077622158011261,0.0033544690669161
Kyrgyzstan,10 to 14,Both sexes,Deaths,Number,Group A Streptococcus,Macrolides,Attributable,1994,0.0058863214490598,0.0081959220786112,0.0035767208195084
Kyrgyzstan,10 to 14,Both sexes,Deaths,Number,Group A Streptococcus,Macrolides,Attributable,1995,0.0059796247644671,0.0083899583363176,0.0035692911926165
Kyrgyzstan,10 to 14,Both sexes,Deaths,Number,Group A Streptococcus,Macrolides,Attributable,1996,0.0063138035965138,0.0088402294216896,0.0037873777713379
Kyrgyzstan,10 to 14,Both sexes,Deaths,Number,Group A Streptococcus,Macrolides,Attributable,1997,0.0064455628319136,0.0089896495358356,0.0039014761279916
Kyrgyzstan,10 to 14,Both sexes,Deaths,Number,Group A Streptococcus,Macrolides,Attributable,1998,0.0065172952095227,0.009079418554296,0.0039551718647494
Kyrgyzstan,10 to 14,Both sexes,Deaths,Number,Group A Streptococcus,Macrolides,Attributable,1999,0.006234136416602368,0.00873475295356238,0.003733519879642356
Kyrgyzstan,10 to 14,Both sexes,Deaths,Number,Group A Streptococcus,Macrolides,Attributable,2000,0.00604591573845151,0.008368071575369122,0.003723759901533899
Kyrgyzstan,10 to 14,Both sexes,Deaths,Number,Group A Streptococcus,Macrolides,Attributable,2001,0.005588350910936421,0.007750478624193672,0.0034262231976791694
Kyrgyzstan,10 to 14,Both sexes,Deaths,Number,Group A Streptococcus,Macrolides,Attributable,2002,0.005288606564837117,0.00739543555431488,0.0031817775753593533
Kyrgyzstan,10 to 14,Both sexes,Deaths,Number,Group A Streptococcus,Macrolides,Attributable,2003,0.004769414908624123,0.0066359100677878275,0.0029029197494604177
Kyrgyzstan,10 to 14,Both sexes,Deaths,Number,Group A Streptococcus,Macrolides,Attributable,2004,0.004044105384701709,0.00568394527482334,0.0024042654945800783
Kyrgyzstan,10 to 14,Both sexes,Deaths,Number,Group A Streptococcus,Macrolides,Attributable,2005,0.0038447202485159164,0.005351842236006079,0.0023375982610257537
Kyrgyzstan,10 to 14,Both sexes,Deaths,Number,Group A Streptococcus,Macrolides,Attributable,2006,0.003933631800342328,0.005489157643946909,0.002378105956737747
Kyrgyzstan,10 to 14,Both sexes,Deaths,Number,Group A Streptococcus,Macrolides,Attributable,2007,0.0037834817196924506,0.0052568328135234035,0.0023101306258614977
Kyrgyzstan,10 to 14,Both sexes,Deaths,Number,Group A Streptococcus,Macrolides,Attributable,2008,0.0038025435060940554,0.00532706439399804,0.0022780226181900705
Kyrgyzstan,10 to 14,Both sexes,Deaths,Number,Group A Streptococcus,Macrolides,Attributable,2009,0.0034573665469802258,0.004836372809090943,0.0020783602848695086
Kyrgyzstan,10 to 14,Both sexes,Deaths,Number,Group A Streptococcus,Macrolides,Attributable,2010,0.0032589586488600535,0.004558589823947683,0.0019593274737724244
Kyrgyzstan,10 to 14,Both sexes,Deaths,Number,Group A Streptococcus,Macrolides,Attributable,2011,0.0029195724557308797,0.004064919171079026,0.0017742257403827331
Kyrgyzstan,10 to 14,Both sexes,Deaths,Number,Group A Streptococcus,Macrolides,Attributable,2012,0.0030588680793388646,0.004296665752469718,0.0018210704062080105
Kyrgyzstan,10 to 14,Both sexes,Deaths,Number,Group A Streptococcus,Macrolides,Attributable,2013,0.00316920465408011,0.00444540661818583,0.0018930026899743905
Kyrgyzstan,10 to 14,Both sexes,Deaths,Number,Group A Streptococcus,Macrolides,Attributable,2014,0.003516989990218721,0.004924449879209027,0.0021095301012284155
Kyrgyzstan,10 to 14,Both sexes,Deaths,Number,Group A Streptococcus,Macrolides,Attributable,2015,0.0036871650713094857,0.005150153030828599,0.002224177111790372
Kyrgyzstan,10 to 14,Both sexes,Deaths,Number,Group A Streptococcus,Macrolides,Attributable,2016,0.0036676719839565967,0.005157020972950354,0.0021783229949628394
Kyrgyzstan,10 to 14,Both sexes,Deaths,Number,Group A Streptococcus,Macrolides,Attributable,2017,0.004097658896824199,0.005690315055098078,0.00250500273855032
Kyrgyzstan,10 to 14,Both sexes,Deaths,Number,Group A Streptococcus,Macrolides,Attributable,2018,0.003917523263906951,0.005460258109226474,0.0023747884185874282
Kyrgyzstan,10 to 14,Both sexes,Deaths,Number,Group A Streptococcus,Macrolides,Attributable,2019,0.0042309356356249215,0.005906287783120797,0.002555583488129046
Kyrgyzstan,10 to 14,Both sexes,Deaths,Number,Group A Streptococcus,Macrolides,Attributable,2020,0.00421898073516064,0.005900377420045273,0.0025375840502760067
Kyrgyzstan,10 to 14,Both sexes,Deaths,Number,Group A Streptococcus,Macrolides,Attributable,2021,0.004432639303882963,0.006091138372833451,0.002774140234932474
Kyrgyzstan,10 to 14,Both sexes,Deaths,Number,Streptococcus pneumoniae,Macrolides,Attributable,1990,0.1189206904817829,0.1808038953638814,0.0570374855996843
Kyrgyzstan,10 to 14,Both sexes,Deaths,Number,Streptococcus pneumoniae,Macrolides,Attributable,1991,0.115489116432688,0.1742100459091751,0.0567681869562008
Kyrgyzstan,10 to 14,Both sexes,Deaths,Number,Streptococcus pneumoniae,Macrolides,Attributable,1992,0.12347765175092759,0.18552204016229423,0.061433263339560944
Kyrgyzstan,10 to 14,Both sexes,Deaths,Number,Streptococcus pneumoniae,Macrolides,Attributable,1993,0.1527212734209586,0.2278560380197812,0.077586508822136
Kyrgyzstan,10 to 14,Both sexes,Deaths,Number,Streptococcus pneumoniae,Macrolides,Attributable,1994,0.1867929218412961,0.2786032754741118,0.0949825682084805
Kyrgyzstan,10 to 14,Both sexes,Deaths,Number,Streptococcus pneumoniae,Macrolides,Attributable,1995,0.2012441502895471,0.2999316220784624,0.1025566785006318
Kyrgyzstan,10 to 14,Both sexes,Deaths,Number,Streptococcus pneumoniae,Macrolides,Attributable,1996,0.2166207664485702,0.3188450457629083,0.1143964871342322
Kyrgyzstan,10 to 14,Both sexes,Deaths,Number,Streptococcus pneumoniae,Macrolides,Attributable,1997,0.2126271353517655,0.3126518807382892,0.1126023899652417
Kyrgyzstan,10 to 14,Both sexes,Deaths,Number,Streptococcus pneumoniae,Macrolides,Attributable,1998,0.241476249025643,0.3554500465499725,0.1275024515013136
Kyrgyzstan,10 to 14,Both sexes,Deaths,Number,Streptococcus pneumoniae,Macrolides,Attributable,1999,0.22757498139303217,0.33378637947979817,0.12136358330626618
Kyrgyzstan,10 to 14,Both sexes,Deaths,Number,Streptococcus pneumoniae,Macrolides,Attributable,2000,0.2090558082788102,0.3068570102414439,0.11125460631617651
Kyrgyzstan,10 to 14,Both sexes,Deaths,Number,Streptococcus pneumoniae,Macrolides,Attributable,2001,0.19921791858309743,0.29304549442611383,0.10539034274008105
Kyrgyzstan,10 to 14,Both sexes,Deaths,Number,Streptococcus pneumoniae,Macrolides,Attributable,2002,0.19071011753324663,0.27801858147412184,0.10340165359237138
Kyrgyzstan,10 to 14,Both sexes,Deaths,Number,Streptococcus pneumoniae,Macrolides,Attributable,2003,0.1673545036455872,0.2440551609889529,0.09065384630222151
Kyrgyzstan,10 to 14,Both sexes,Deaths,Number,Streptococcus pneumoniae,Macrolides,Attributable,2004,0.1363779253573623,0.19983793372332884,0.07291791699139574
Kyrgyzstan,10 to 14,Both sexes,Deaths,Number,Streptococcus pneumoniae,Macrolides,Attributable,2005,0.12775966923803928,0.18691862980336588,0.06860070867271266
Kyrgyzstan,10 to 14,Both sexes,Deaths,Number,Streptococcus pneumoniae,Macrolides,Attributable,2006,0.12885848530071387,0.1883823682156225,0.06933460238580524
Kyrgyzstan,10 to 14,Both sexes,Deaths,Number,Streptococcus pneumoniae,Macrolides,Attributable,2007,0.12002781891874766,0.174694371798095,0.06536126603940033
Kyrgyzstan,10 to 14,Both sexes,Deaths,Number,Streptococcus pneumoniae,Macrolides,Attributable,2008,0.11808987574513696,0.17172138656836958,0.06445836492190435
Kyrgyzstan,10 to 14,Both sexes,Deaths,Number,Streptococcus pneumoniae,Macrolides,Attributable,2009,0.10653626516890842,0.15527937719577284,0.057793153142043995
Kyrgyzstan,10 to 14,Both sexes,Deaths,Number,Streptococcus pneumoniae,Macrolides,Attributable,2010,0.08319624568437961,0.12144983041898873,0.044942660949770494
Kyrgyzstan,10 to 14,Both sexes,Deaths,Number,Streptococcus pneumoniae,Macrolides,Attributable,2011,0.06097158057925055,0.08895430537058358,0.03298885578791751
Kyrgyzstan,10 to 14,Both sexes,Deaths,Number,Streptococcus pneumoniae,Macrolides,Attributable,2012,0.06073216747004541,0.08888584517032144,0.032578489769769375
Kyrgyzstan,10 to 14,Both sexes,Deaths,Number,Streptococcus pneumoniae,Macrolides,Attributable,2013,0.058537538914955244,0.08558603215911195,0.03148904567079854
Kyrgyzstan,10 to 14,Both sexes,Deaths,Number,Streptococcus pneumoniae,Macrolides,Attributable,2014,0.05788986323553842,0.08425050922954108,0.03152921724153576
Kyrgyzstan,10 to 14,Both sexes,Deaths,Number,Streptococcus pneumoniae,Macrolides,Attributable,2015,0.05517736899996003,0.0805119583988165,0.02984277960110355
Kyrgyzstan,10 to 14,Both sexes,Deaths,Number,Streptococcus pneumoniae,Macrolides,Attributable,2016,0.0488609691585357,0.0709283832848073,0.026793555032264105
Kyrgyzstan,10 to 14,Both sexes,Deaths,Number,Streptococcus pneumoniae,Macrolides,Attributable,2017,0.0460546568774156,0.06738531885218382,0.024723994902647373
Kyrgyzstan,10 to 14,Both sexes,Deaths,Number,Streptococcus pneumoniae,Macrolides,Attributable,2018,0.042771286425554944,0.06229825395489107,0.023244318896218818
Kyrgyzstan,10 to 14,Both sexes,Deaths,Number,Streptococcus pneumoniae,Macrolides,Attributable,2019,0.042836847772927227,0.062366845717246766,0.02330684982860769
Kyrgyzstan,10 to 14,Both sexes,Deaths,Number,Streptococcus pneumoniae,Macrolides,Attributable,2020,0.03843862518932385,0.056558685927492046,0.02031856445115566
Kyrgyzstan,10 to 14,Both sexes,Deaths,Number,Streptococcus pneumoniae,Macrolides,Attributable,2021,0.03243263570116703,0.047636125383852014,0.017229146018482043
Kyrgyzstan,10 to 14,Both sexes,Deaths,Number,Staphylococcus aureus,Methicillin,Attributable,1990,0.243798603301854,0.4438134679183875,0.0437837386853205
Kyrgyzstan,10 to 14,Both sexes,Deaths,Number,Staphylococcus aureus,Methicillin,Attributable,1991,0.237783631968676,0.4276919910107132,0.0478752729266387
Kyrgyzstan,10 to 14,Both sexes,Deaths,Number,Staphylococcus aureus,Methicillin,Attributable,1992,0.25577058806608133,0.45229600294823086,0.0592451731839318
Kyrgyzstan,10 to 14,Both sexes,Deaths,Number,Staphylococcus aureus,Methicillin,Attributable,1993,0.26731139298083,0.475955847903178,0.0586669380584821
Kyrgyzstan,10 to 14,Both sexes,Deaths,Number,Staphylococcus aureus,Methicillin,Attributable,1994,0.2961238567526192,0.5194282501998081,0.0728194633054304
Kyrgyzstan,10 to 14,Both sexes,Deaths,Number,Staphylococcus aureus,Methicillin,Attributable,1995,0.2996850043468763,0.5194523254839525,0.0799176832098002
Kyrgyzstan,10 to 14,Both sexes,Deaths,Number,Staphylococcus aureus,Methicillin,Attributable,1996,0.3157587339582874,0.5492264698678937,0.082290998048681
Kyrgyzstan,10 to 14,Both sexes,Deaths,Number,Staphylococcus aureus,Methicillin,Attributable,1997,0.3260257544863018,0.5716036568106225,0.080447852161981
Kyrgyzstan,10 to 14,Both sexes,Deaths,Number,Staphylococcus aureus,Methicillin,Attributable,1998,0.3344364958873121,0.583502660160334,0.0853703316142903
Kyrgyzstan,10 to 14,Both sexes,Deaths,Number,Staphylococcus aureus,Methicillin,Attributable,1999,0.32676163928104285,0.559994971437721,0.09352830712436463
Kyrgyzstan,10 to 14,Both sexes,Deaths,Number,Staphylococcus aureus,Methicillin,Attributable,2000,0.3229764052948642,0.5626052630484922,0.08334754754123619
Kyrgyzstan,10 to 14,Both sexes,Deaths,Number,Staphylococcus aureus,Methicillin,Attributable,2001,0.3193188450096973,0.5520408995807362,0.08659679043865837
Kyrgyzstan,10 to 14,Both sexes,Deaths,Number,Staphylococcus aureus,Methicillin,Attributable,2002,0.3141568876941312,0.5356855136893813,0.09262826169888103
Kyrgyzstan,10 to 14,Both sexes,Deaths,Number,Staphylococcus aureus,Methicillin,Attributable,2003,0.2916496588118086,0.49514012448898304,0.08815919313463416
Kyrgyzstan,10 to 14,Both sexes,Deaths,Number,Staphylococcus aureus,Methicillin,Attributable,2004,0.25545428859072616,0.4339409468650336,0.0769676303164187
Kyrgyzstan,10 to 14,Both sexes,Deaths,Number,Staphylococcus aureus,Methicillin,Attributable,2005,0.24320985001889198,0.41426454956794434,0.07215515046983959
Kyrgyzstan,10 to 14,Both sexes,Deaths,Number,Staphylococcus aureus,Methicillin,Attributable,2006,0.24786700912310497,0.4201744891051721,0.07555952914103786
Kyrgyzstan,10 to 14,Both sexes,Deaths,Number,Staphylococcus aureus,Methicillin,Attributable,2007,0.23970187126734965,0.4056950313254657,0.07370871120923358
Kyrgyzstan,10 to 14,Both sexes,Deaths,Number,Staphylococcus aureus,Methicillin,Attributable,2008,0.2388535027336595,0.4050620820799165,0.07264492338740247
Kyrgyzstan,10 to 14,Both sexes,Deaths,Number,Staphylococcus aureus,Methicillin,Attributable,2009,0.2342682623051301,0.3978076839829785,0.07072884062728169
Kyrgyzstan,10 to 14,Both sexes,Deaths,Number,Staphylococcus aureus,Methicillin,Attributable,2010,0.2276113097420126,0.3941454476423063,0.061077171841718875
Kyrgyzstan,10 to 14,Both sexes,Deaths,Number,Staphylococcus aureus,Methicillin,Attributable,2011,0.2207285040246182,0.37236170806884017,0.06909529998039621
Kyrgyzstan,10 to 14,Both sexes,Deaths,Number,Staphylococcus aureus,Methicillin,Attributable,2012,0.22205900552222507,0.3786237800614719,0.06549423098297821
Kyrgyzstan,10 to 14,Both sexes,Deaths,Number,Staphylococcus aureus,Methicillin,Attributable,2013,0.22881842745962455,0.3927200189754919,0.06491683594375716
Kyrgyzstan,10 to 14,Both sexes,Deaths,Number,Staphylococcus aureus,Methicillin,Attributable,2014,0.2515878434215721,0.43049721345025527,0.07267847339288888
Kyrgyzstan,10 to 14,Both sexes,Deaths,Number,Staphylococcus aureus,Methicillin,Attributable,2015,0.26729929762822857,0.4626676128250981,0.07193098243135904
Kyrgyzstan,10 to 14,Both sexes,Deaths,Number,Staphylococcus aureus,Methicillin,Attributable,2016,0.258669427572754,0.4417341957347829,0.07560465941072517
Kyrgyzstan,10 to 14,Both sexes,Deaths,Number,Staphylococcus aureus,Methicillin,Attributable,2017,0.27539283052806396,0.47702755159364246,0.07375810946248545
Kyrgyzstan,10 to 14,Both sexes,Deaths,Number,Staphylococcus aureus,Methicillin,Attributable,2018,0.26726390956203017,0.4650714777831007,0.06945634134095963
Kyrgyzstan,10 to 14,Both sexes,Deaths,Number,Staphylococcus aureus,Methicillin,Attributable,2019,0.27444635876524814,0.4756484560089884,0.0732442615215079
Kyrgyzstan,10 to 14,Both sexes,Deaths,Number,Staphylococcus aureus,Methicillin,Attributable,2020,0.26721170923140525,0.4589039185488573,0.07551949991395318
Kyrgyzstan,10 to 14,Both sexes,Deaths,Number,Staphylococcus aureus,Methicillin,Attributable,2021,0.25767396838852297,0.44329594311608866,0.0720519936609573
Kyrgyzstan,10 to 14,Both sexes,Deaths,Number,Mycobacterium tuberculosis,Multi-drug resistance excluding extensive drug resistance in TB,Attributable,1990,0.0014559299973964,0.0057155186399809,0
Kyrgyzstan,10 to 14,Both sexes,Deaths,Number,Mycobacterium tuberculosis,Multi-drug resistance excluding extensive drug resistance in TB,Attributable,1991,0.0045670019759144,0.017605461290491,0
Kyrgyzstan,10 to 14,Both sexes,Deaths,Number,Mycobacterium tuberculosis,Multi-drug resistance excluding extensive drug resistance in TB,Attributable,1992,0.011211827952264943,0.04198050838024123,0
Kyrgyzstan,10 to 14,Both sexes,Deaths,Number,Mycobacterium tuberculosis,Multi-drug resistance excluding extensive drug resistance in TB,Attributable,1993,0.0183334749877022,0.0694469804425794,0
Kyrgyzstan,10 to 14,Both sexes,Deaths,Number,Mycobacterium tuberculosis,Multi-drug resistance excluding extensive drug resistance in TB,Attributable,1994,0.0330835143063977,0.132654358695072,0
Kyrgyzstan,10 to 14,Both sexes,Deaths,Number,Mycobacterium tuberculosis,Multi-drug resistance excluding extensive drug resistance in TB,Attributable,1995,0.0472424668729609,0.1959059982503638,0
Kyrgyzstan,10 to 14,Both sexes,Deaths,Number,Mycobacterium tuberculosis,Multi-drug resistance excluding extensive drug resistance in TB,Attributable,1996,0.0804374872065918,0.3354496260925671,0
Kyrgyzstan,10 to 14,Both sexes,Deaths,Number,Mycobacterium tuberculosis,Multi-drug resistance excluding extensive drug resistance in TB,Attributable,1997,0.1216550465725525,0.482037807448244,0
Kyrgyzstan,10 to 14,Both sexes,Deaths,Number,Mycobacterium tuberculosis,Multi-drug resistance excluding extensive drug resistance in TB,Attributable,1998,0.1831443894352435,0.6311087400671009,0
Kyrgyzstan,10 to 14,Both sexes,Deaths,Number,Mycobacterium tuberculosis,Multi-drug resistance excluding extensive drug resistance in TB,Attributable,1999,0.2273622997784047,0.7227780693056394,0
Kyrgyzstan,10 to 14,Both sexes,Deaths,Number,Mycobacterium tuberculosis,Multi-drug resistance excluding extensive drug resistance in TB,Attributable,2000,0.25646955239762437,0.7819727552865823,0
Kyrgyzstan,10 to 14,Both sexes,Deaths,Number,Mycobacterium tuberculosis,Multi-drug resistance excluding extensive drug resistance in TB,Attributable,2001,0.2828202428389849,0.8456670618726357,0
Kyrgyzstan,10 to 14,Both sexes,Deaths,Number,Mycobacterium tuberculosis,Multi-drug resistance excluding extensive drug resistance in TB,Attributable,2002,0.34615430243939793,1.0116845569153146,0
Kyrgyzstan,10 to 14,Both sexes,Deaths,Number,Mycobacterium tuberculosis,Multi-drug resistance excluding extensive drug resistance in TB,Attributable,2003,0.34540158229342094,0.9711243144968862,0
Kyrgyzstan,10 to 14,Both sexes,Deaths,Number,Mycobacterium tuberculosis,Multi-drug resistance excluding extensive drug resistance in TB,Attributable,2004,0.2782820499640524,0.7665469759978851,0
Kyrgyzstan,10 to 14,Both sexes,Deaths,Number,Mycobacterium tuberculosis,Multi-drug resistance excluding extensive drug resistance in TB,Attributable,2005,0.3091648184216203,0.8339152159864709,0
Kyrgyzstan,10 to 14,Both sexes,Deaths,Number,Mycobacterium tuberculosis,Multi-drug resistance excluding extensive drug resistance in TB,Attributable,2006,0.338818385243035,0.8843465464456535,0
Kyrgyzstan,10 to 14,Both sexes,Deaths,Number,Mycobacterium tuberculosis,Multi-drug resistance excluding extensive drug resistance in TB,Attributable,2007,0.33856177121556497,0.8575815703614702,0
Kyrgyzstan,10 to 14,Both sexes,Deaths,Number,Mycobacterium tuberculosis,Multi-drug resistance excluding extensive drug resistance in TB,Attributable,2008,0.40473103281615996,1.0132342816857693,0
Kyrgyzstan,10 to 14,Both sexes,Deaths,Number,Mycobacterium tuberculosis,Multi-drug resistance excluding extensive drug resistance in TB,Attributable,2009,0.37475786090152974,0.9312581277617902,0
Kyrgyzstan,10 to 14,Both sexes,Deaths,Number,Mycobacterium tuberculosis,Multi-drug resistance excluding extensive drug resistance in TB,Attributable,2010,0.31666783571970025,0.786694628866188,0
Kyrgyzstan,10 to 14,Both sexes,Deaths,Number,Mycobacterium tuberculosis,Multi-drug resistance excluding extensive drug resistance in TB,Attributable,2011,0.2989122913010338,0.748973205623922,0
Kyrgyzstan,10 to 14,Both sexes,Deaths,Number,Mycobacterium tuberculosis,Multi-drug resistance excluding extensive drug resistance in TB,Attributable,2012,0.2952559771665321,0.7328360766566873,0
Kyrgyzstan,10 to 14,Both sexes,Deaths,Number,Mycobacterium tuberculosis,Multi-drug resistance excluding extensive drug resistance in TB,Attributable,2013,0.29394401189111924,0.7226002448285269,0
Kyrgyzstan,10 to 14,Both sexes,Deaths,Number,Mycobacterium tuberculosis,Multi-drug resistance excluding extensive drug resistance in TB,Attributable,2014,0.26644732943567584,0.6527169986244075,0
Kyrgyzstan,10 to 14,Both sexes,Deaths,Number,Mycobacterium tuberculosis,Multi-drug resistance excluding extensive drug resistance in TB,Attributable,2015,0.249680994154907,0.6145589777164479,0
Kyrgyzstan,10 to 14,Both sexes,Deaths,Number,Mycobacterium tuberculosis,Multi-drug resistance excluding extensive drug resistance in TB,Attributable,2016,0.25155531831386485,0.6223889022696394,0
Kyrgyzstan,10 to 14,Both sexes,Deaths,Number,Mycobacterium tuberculosis,Multi-drug resistance excluding extensive drug resistance in TB,Attributable,2017,0.20605515385229006,0.5085651418408186,0
Kyrgyzstan,10 to 14,Both sexes,Deaths,Number,Mycobacterium tuberculosis,Multi-drug resistance excluding extensive drug resistance in TB,Attributable,2018,0.22232720622093533,0.5525625840095203,0
Kyrgyzstan,10 to 14,Both sexes,Deaths,Number,Mycobacterium tuberculosis,Multi-drug resistance excluding extensive drug resistance in TB,Attributable,2019,0.228703681346564,0.5730889991030904,0
Kyrgyzstan,10 to 14,Both sexes,Deaths,Number,Mycobacterium tuberculosis,Multi-drug resistance excluding extensive drug resistance in TB,Attributable,2020,0.22015957495687752,0.5609565281004666,0
Kyrgyzstan,10 to 14,Both sexes,Deaths,Number,Mycobacterium tuberculosis,Multi-drug resistance excluding extensive drug resistance in TB,Attributable,2021,0.20725448944476876,0.5327612991478434,0
Kyrgyzstan,10 to 14,Both sexes,Deaths,Number,Group B Streptococcus,Penicillin,Attributable,1990,0.0048043801446636,0.0100180925308655,0
Kyrgyzstan,10 to 14,Both sexes,Deaths,Number,Group B Streptococcus,Penicillin,Attributable,1991,0.0044801327561052,0.0092590080273916,0
Kyrgyzstan,10 to 14,Both sexes,Deaths,Number,Group B Streptococcus,Penicillin,Attributable,1992,0.004518585952785575,0.009105077422391993,0
Kyrgyzstan,10 to 14,Both sexes,Deaths,Number,Group B Streptococcus,Penicillin,Attributable,1993,0.0047412606068432,0.0095177169397133,0
Kyrgyzstan,10 to 14,Both sexes,Deaths,Number,Group B Streptococcus,Penicillin,Attributable,1994,0.0050894981026947,0.0100575445666572,0.0001214516387322
Kyrgyzstan,10 to 14,Both sexes,Deaths,Number,Group B Streptococcus,Penicillin,Attributable,1995,0.0052033546639674,0.0102054854925337,0.000201223835401
Kyrgyzstan,10 to 14,Both sexes,Deaths,Number,Group B Streptococcus,Penicillin,Attributable,1996,0.0054279852730028,0.010634306369768,0.0002216641762376
Kyrgyzstan,10 to 14,Both sexes,Deaths,Number,Group B Streptococcus,Penicillin,Attributable,1997,0.0055743092378836,0.0108775419277122,0.0002710765480549
Kyrgyzstan,10 to 14,Both sexes,Deaths,Number,Group B Streptococcus,Penicillin,Attributable,1998,0.0057262528893748,0.011112996582754,0.0003395091959957
Kyrgyzstan,10 to 14,Both sexes,Deaths,Number,Group B Streptococcus,Penicillin,Attributable,1999,0.005470984770898274,0.01048623845966928,0.00045573108212726855
Kyrgyzstan,10 to 14,Both sexes,Deaths,Number,Group B Streptococcus,Penicillin,Attributable,2000,0.005283005487542482,0.010264493554037484,0.000301517421047481
Kyrgyzstan,10 to 14,Both sexes,Deaths,Number,Group B Streptococcus,Penicillin,Attributable,2001,0.004969670006137556,0.009580366391792907,0.0003589736204822067
Kyrgyzstan,10 to 14,Both sexes,Deaths,Number,Group B Streptococcus,Penicillin,Attributable,2002,0.004752657672009488,0.00900501119117191,0.0005003041528470666
Kyrgyzstan,10 to 14,Both sexes,Deaths,Number,Group B Streptococcus,Penicillin,Attributable,2003,0.004369524636245011,0.008274274305055868,0.0004647749674341539
Kyrgyzstan,10 to 14,Both sexes,Deaths,Number,Group B Streptococcus,Penicillin,Attributable,2004,0.0035536356713517336,0.006751043095829722,0.0003562282468737455
Kyrgyzstan,10 to 14,Both sexes,Deaths,Number,Group B Streptococcus,Penicillin,Attributable,2005,0.003413964305294801,0.006491085361655064,0.00033684324893453734
Kyrgyzstan,10 to 14,Both sexes,Deaths,Number,Group B Streptococcus,Penicillin,Attributable,2006,0.003434709627838514,0.006523803148124365,0.00034561610755266337
Kyrgyzstan,10 to 14,Both sexes,Deaths,Number,Group B Streptococcus,Penicillin,Attributable,2007,0.003225451207006995,0.006114613885385813,0.0003362885286281774
Kyrgyzstan,10 to 14,Both sexes,Deaths,Number,Group B Streptococcus,Penicillin,Attributable,2008,0.003153683729471656,0.00598341578510227,0.00032395167384104183
Kyrgyzstan,10 to 14,Both sexes,Deaths,Number,Group B Streptococcus,Penicillin,Attributable,2009,0.0029635088480921058,0.005605745597474404,0.0003212720987098082
Kyrgyzstan,10 to 14,Both sexes,Deaths,Number,Group B Streptococcus,Penicillin,Attributable,2010,0.002716376483411027,0.0051864105219178065,0.00024634244490424765
Kyrgyzstan,10 to 14,Both sexes,Deaths,Number,Group B Streptococcus,Penicillin,Attributable,2011,0.002486211909884172,0.004743340535689491,0.0002290832840788526
Kyrgyzstan,10 to 14,Both sexes,Deaths,Number,Group B Streptococcus,Penicillin,Attributable,2012,0.0025713736211616903,0.004932229157559823,0.00021051808476355753
Kyrgyzstan,10 to 14,Both sexes,Deaths,Number,Group B Streptococcus,Penicillin,Attributable,2013,0.002762325352027086,0.005321405492539266,0.00020324521151490532
Kyrgyzstan,10 to 14,Both sexes,Deaths,Number,Group B Streptococcus,Penicillin,Attributable,2014,0.0031081611316115675,0.005974664794597369,0.00024165746862576595
Kyrgyzstan,10 to 14,Both sexes,Deaths,Number,Group B Streptococcus,Penicillin,Attributable,2015,0.003284890813768645,0.006424436705506992,0.00014534492203029797
Kyrgyzstan,10 to 14,Both sexes,Deaths,Number,Group B Streptococcus,Penicillin,Attributable,2016,0.0029911528350241665,0.005841253181425636,0.00014105248862269658
Kyrgyzstan,10 to 14,Both sexes,Deaths,Number,Group B Streptococcus,Penicillin,Attributable,2017,0.002982267122815851,0.005875054633590393,0.00008947961204130907
Kyrgyzstan,10 to 14,Both sexes,Deaths,Number,Group B Streptococcus,Penicillin,Attributable,2018,0.0027325453493181923,0.005466003394654459,0
Kyrgyzstan,10 to 14,Both sexes,Deaths,Number,Group B Streptococcus,Penicillin,Attributable,2019,0.0027715562839705312,0.005507282311811616,0.00003583025612944636
Kyrgyzstan,10 to 14,Both sexes,Deaths,Number,Group B Streptococcus,Penicillin,Attributable,2020,0.0027522973013810507,0.005518507124507924,0
Kyrgyzstan,10 to 14,Both sexes,Deaths,Number,Group B Streptococcus,Penicillin,Attributable,2021,0.0026755807625504615,0.005422695478113705,0
Kyrgyzstan,10 to 14,Both sexes,Deaths,Number,Enterococcus faecium,Vancomycin,Attributable,1990,0.0157385538018173,0.0207567038083366,0.010720403795298
Kyrgyzstan,10 to 14,Both sexes,Deaths,Number,Enterococcus faecium,Vancomycin,Attributable,1991,0.0159527858449977,0.0208952104176853,0.0110103612723101
Kyrgyzstan,10 to 14,Both sexes,Deaths,Number,Enterococcus faecium,Vancomycin,Attributable,1992,0.017880506048007984,0.023258170777707764,0.012502841318308203
Kyrgyzstan,10 to 14,Both sexes,Deaths,Number,Enterococcus faecium,Vancomycin,Attributable,1993,0.0174274933204897,0.0228966807711487,0.0119583058698307
Kyrgyzstan,10 to 14,Both sexes,Deaths,Number,Enterococcus faecium,Vancomycin,Attributable,1994,0.018046135496193,0.0235069469466347,0.0125853240457513
Kyrgyzstan,10 to 14,Both sexes,Deaths,Number,Enterococcus faecium,Vancomycin,Attributable,1995,0.0170222186307271,0.0214980317155864,0.0125464055458679
Kyrgyzstan,10 to 14,Both sexes,Deaths,Number,Enterococcus faecium,Vancomycin,Attributable,1996,0.0175508372804908,0.0229021529858828,0.0121995215750989
Kyrgyzstan,10 to 14,Both sexes,Deaths,Number,Enterococcus faecium,Vancomycin,Attributable,1997,0.0187984710763111,0.0246126521907611,0.0129842899618611
Kyrgyzstan,10 to 14,Both sexes,Deaths,Number,Enterococcus faecium,Vancomycin,Attributable,1998,0.0201481042022526,0.0255631731558718,0.0147330352486334
Kyrgyzstan,10 to 14,Both sexes,Deaths,Number,Enterococcus faecium,Vancomycin,Attributable,1999,0.02079579106661086,0.02654260262770167,0.01504897950552005
Kyrgyzstan,10 to 14,Both sexes,Deaths,Number,Enterococcus faecium,Vancomycin,Attributable,2000,0.021815206845492492,0.027610636648497243,0.01601977704248774
Kyrgyzstan,10 to 14,Both sexes,Deaths,Number,Enterococcus faecium,Vancomycin,Attributable,2001,0.020989803314467696,0.027072744202282263,0.01490686242665313
Kyrgyzstan,10 to 14,Both sexes,Deaths,Number,Enterococcus faecium,Vancomycin,Attributable,2002,0.020443287621662726,0.026348576930262674,0.014537998313062777
Kyrgyzstan,10 to 14,Both sexes,Deaths,Number,Enterococcus faecium,Vancomycin,Attributable,2003,0.01903232840088664,0.02432478048185875,0.013739876319914529
Kyrgyzstan,10 to 14,Both sexes,Deaths,Number,Enterococcus faecium,Vancomycin,Attributable,2004,0.01847823677715792,0.023601878983591146,0.013354594570724694
Kyrgyzstan,10 to 14,Both sexes,Deaths,Number,Enterococcus faecium,Vancomycin,Attributable,2005,0.018175128971253597,0.023203802706660667,0.013146455235846528
Kyrgyzstan,10 to 14,Both sexes,Deaths,Number,Enterococcus faecium,Vancomycin,Attributable,2006,0.018612094076942608,0.023570608932885852,0.013653579220999364
Kyrgyzstan,10 to 14,Both sexes,Deaths,Number,Enterococcus faecium,Vancomycin,Attributable,2007,0.01955570725512978,0.02499809754686788,0.014113316963391678
Kyrgyzstan,10 to 14,Both sexes,Deaths,Number,Enterococcus faecium,Vancomycin,Attributable,2008,0.019814349579784035,0.025612208588979182,0.014016490570588888
Kyrgyzstan,10 to 14,Both sexes,Deaths,Number,Enterococcus faecium,Vancomycin,Attributable,2009,0.01954056109785861,0.025063197878448035,0.014017924317269188
Kyrgyzstan,10 to 14,Both sexes,Deaths,Number,Enterococcus faecium,Vancomycin,Attributable,2010,0.02044173323031398,0.026216347946428055,0.014667118514199906
Kyrgyzstan,10 to 14,Both sexes,Deaths,Number,Enterococcus faecium,Vancomycin,Attributable,2011,0.019342932856117802,0.0247427545179128,0.013943111194322804
Kyrgyzstan,10 to 14,Both sexes,Deaths,Number,Enterococcus faecium,Vancomycin,Attributable,2012,0.020722359165029257,0.026662124266064947,0.014782594063993567
Kyrgyzstan,10 to 14,Both sexes,Deaths,Number,Enterococcus faecium,Vancomycin,Attributable,2013,0.022272250486976144,0.028429454571020626,0.01611504640293166
Kyrgyzstan,10 to 14,Both sexes,Deaths,Number,Enterococcus faecium,Vancomycin,Attributable,2014,0.02598389924915502,0.03334148936415523,0.018626309134154813
Kyrgyzstan,10 to 14,Both sexes,Deaths,Number,Enterococcus faecium,Vancomycin,Attributable,2015,0.02861210081039271,0.03674758510726532,0.0204766165135201
Kyrgyzstan,10 to 14,Both sexes,Deaths,Number,Enterococcus faecium,Vancomycin,Attributable,2016,0.028667124063596654,0.036891833024666754,0.020442415102526555
Kyrgyzstan,10 to 14,Both sexes,Deaths,Number,Enterococcus faecium,Vancomycin,Attributable,2017,0.029836230617252116,0.038448905286581764,0.021223555947922468
Kyrgyzstan,10 to 14,Both sexes,Deaths,Number,Enterococcus faecium,Vancomycin,Attributable,2018,0.031845364329112544,0.04130006798060941,0.022390660677615675
Kyrgyzstan,10 to 14,Both sexes,Deaths,Number,Enterococcus faecium,Vancomycin,Attributable,2019,0.03073276446719341,0.03956751422973706,0.021898014704649763
Kyrgyzstan,10 to 14,Both sexes,Deaths,Number,Enterococcus faecium,Vancomycin,Attributable,2020,0.036225481461824,0.04683235832249276,0.02561860460115524
Kyrgyzstan,10 to 14,Both sexes,Deaths,Number,Enterococcus faecium,Vancomycin,Attributable,2021,0.038479730895496195,0.048805425079833896,0.028154036711158494